0.27801862311098 0.0931520695406081 0.17447210097912 0.466320207875275 0.111111111111111 0.250836202832441
0.40354144405434 0.178071461060292 0.377185324997051 0.191968818708775 0.222222222222222 0.379331245225091
0.38849030682339 0.543942992874108 0.458487672525657 0.194083549870078 0.166666666666667 0.416454690595831
0.36376125782323 0.4744731389296 0.224961660964964 0.424745152908255 0.166666666666667 0.306621904212288
0.05886124255839 0.35042199423864 0.458817978058275 0.212432540475714 0.111111111111111 0.333980084806735
0.36446344069608 0.668504573710012 0.539577680783296 0.4773136118329 0.0555555555555556 0.468749140911306
0.44588612425584 0.319300550866732 0.250654712752153 0.257857285628624 0.111111111111111 0.347500362519587
0.46115096931766 0.164582806893416 0.459242656600212 0.478313012192684 0.111111111111111 0.461360875583438
0.36040299190963 0.104745540001012 0.506665093783179 0.351988806715971 0.111111111111111 0.440414613279059
0.25495344222256 0.46653358265528 0.545947858912351 0.451329202478514 0.277777777777778 0.43913847001438
0.74026866127309 0.792247435184716 0.462781644449688 0.484309414351388 0.444444444444444 0.597614446795554
0.68223172034804 0.46834285136706 0.543069482128111 0.550993403957626 0.333333333333333 0.606495578557898
0.33216302854526 0.440754030424016 0.479060988557272 0.605848490905457 0.277777777777778 0.433846252819256
0.22416424973287 0.743265780562996 0.548661082930281 0.375174895062963 0.166666666666667 0.428781134200795
0.20810563272783 0.155202911002172 0.449805355668279 0.450329802118729 0.222222222222222 0.367295510982828
0.2393833002595 0.225612776065092 0.144744603043529 0.187287627423545 0.111111111111111 0.193191979899628
0.56571515799115 0.497134482235812 0.525162203609768 0.459324405356786 0.222222222222222 0.538694358851903
0.39474889329873 0.759347046040328 0.631945263654595 0.502298620827504 0.444444444444444 0.534926152135117
0.42830102274462 0.462460201142164 0.182729739294561 0.287427543473916 0.0555555555555556 0.316789478320232
0.28899404671043 0.482887754586344 0.318508906452755 0.308414951029382 0.222222222222222 0.305640065828387
0.18791024271104 0.351326628594532 0.165506665093783 0.388175094943033 0.166666666666667 0.197636426554216
0.26402076018928 0.268969525446 0.417364633714757 0.179492304617229 0.111111111111111 0.346849049009674
0.61379941993589 0.140001010764644 0.674413117848296 0.318448930641616 0.444444444444444 0.630787288097008
0.51616547092047 0.44159296507808 0.617600566238056 0.397277633419947 0.333333333333333 0.563541491632015
0.31466951610441 0.023636731187144 0.150171051079391 0.363661802918249 0.111111111111111 0.249758498121728
0.59398565104564 0.792217112245412 0.469033856317093 0.508295022986208 0.444444444444444 0.528128901336057
0.52526331857732 0.099100419467328 0.403185089064528 0.476314211473116 0.166666666666667 0.463648752125971
0.48546786750114 0.144185576388536 0.184499233219299 0.131720967419549 0.166666666666667 0.344158401103296
0.55831170813616 0.199802900894528 0.375557390586292 0.774931041375175 0.444444444444444 0.494371838351901
0.53549076476874 0.4975994339718 0.208918249380677 0.127323605836498 0.5 0.380677981364053
0.38609372614868 0.85844241168444 0.653462309779403 0.493304017589447 0.444444444444444 0.544736631087255
0.18485727369867 0.247020771213424 0.324643152058511 0.357585448730761 0.166666666666667 0.276943770464169
0.09052053121661 0.25138222064992 0.452990444732807 0.456326204277433 0.222222222222222 0.349055846004019
0.46508929934361 0.473310759589628 0.571003892886635 0.313679792124726 0.277777777777778 0.513960006906471
0.44910700656388 0.33007024814272 0.469623687625339 0.347191684989006 0.0555555555555556 0.453664045693972
0.13081972217982 0.250401778945772 0.52058511265778 0.486308215070957 0.388888888888889 0.401232281954533
0.32926270798351 0.461060292110984 0.286256930517872 0.276054367379573 0.111111111111111 0.30460567245137
0.6742482063807 0.23265275180674 0.383980181668043 0.174695182890267 0.166666666666667 0.519474499112849
0.46241795145779 0.740612523373932 0.39856081160788 0.297689386368178 0.0555555555555556 0.421234144784833
0.32645397649214 0.173391620761104 0.564822460776217 0.25819308414951 0.388888888888889 0.460325537715255
0.14058922301939 0.448339819073128 0.347764539341748 0.136518089146512 0.277777777777778 0.266701402142089
0.51305144252786 0.36579572446556 0.419275687153475 0.485308814711173 0.166666666666667 0.465728674404465
0.23248359029156 0.258422196391572 0.493028193936535 0.341591045372777 0.166666666666667 0.392909277899981
0.21950847198901 0.601056249052408 0.301285832251976 0.248251049370378 0.166666666666667 0.265976913198339
0.15768584948863 0.621691009248496 0.436829066886871 0.497301619028582 0.5 0.352467413664812
0.22607235536559 0.391868398443424 0 0.253048171097341 0.0555555555555556 0.161228355154955
0.54942756831018 0.266614443826756 0.425645865282529 0.439336398161104 0.111111111111111 0.482875361284637
0.21818043046863 0.287481679890836 0.268986669812433 0.463322006795922 0.111111111111111 0.267294859928246
0.36650892993436 0.168868448981656 0.446974165388699 0.310373775734559 0.0555555555555556 0.406261358960719
0.42054648145321 0.407969879213624 0.317777515630529 0.272560463721767 0.166666666666667 0.362447778799307
0.36373072813311 0.297882448071968 0.403208682316857 0.2884269438337 0.0555555555555556 0.379978985307478
0.26347122576706 0.237393237984536 0.23694703314852 0.429342394563263 0.166666666666667 0.265355783291479
0.01785986872233 0.2028099257088 0.483071841453344 0.480311812912253 0.0555555555555556 0.366510787577017
0.4849641276141 0.146020114216404 0.375439424324643 0.684569258444933 0.277777777777778 0.450567982539785
0.40354144405434 0.408652145347956 0.354866108293028 0.388327003797722 0.222222222222222 0.378503150575845
0.56128835292322 0.165335826552788 0.514096968267076 0.496302218668798 0.277777777777778 0.533488739799025
0.22607235536559 0.45278718350432 0.634540521410876 0.474315410753547 0.555555555555556 0.491484190036552
0.15203785681575 0.273083337544852 0.458676418544296 0.484309414351388 0.111111111111111 0.364113822536043
0.34147458403297 0.738666801435284 0.418851008611537 0.252164701179292 0.166666666666667 0.378078365893962
0.29558845977713 0.514277050588772 0.0760882387637136 0.437337597441535 0.166666666666667 0.229989537683084
0.09795451076172 0.506893414868348 0.440839919782943 0.187487507495502 0.111111111111111 0.324418420247948
0.56495191573806 0.415742659321776 0.294089890291377 0.297421547071757 0.166666666666667 0.430486967235225
0.41437948404824 0.640390155152372 0.571900436475168 0.50129922046772 0.388888888888889 0.506027755059162
0.41746298275072 0.581689998483852 0.406676890409343 0.39870477713372 0.111111111111111 0.410760203946654
0.62341627232484 0.180598372668924 0.104164209036216 0.530481710973416 0.166666666666667 0.435128363124073
0.30548007937719 0.466720574114316 0.289937477881325 0.404357385568659 0.111111111111111 0.305521297178351
0.51610441154022 0.497260827816244 0.56588415713106 0.388678792724365 0.833333333333333 0.534769133624762
0.13668142268356 0.397402334866328 0.419747552200071 0.336642014791125 0.111111111111111 0.324255380663915
0.33077392764463 0.14817304290696 0.115253037631237 0.362930241854886 0.111111111111111 0.249079046849913
0.13997862921691 0.110335068479304 0.304706853839801 0.27583449930042 0.222222222222222 0.246261973483145
0.36209738971149 0.237731844140092 0.272384098147929 0.187487507495502 0.111111111111111 0.309364435668883
0.43965806747062 0.133436094405416 0.254453226377256 0.337321607035778 0.111111111111111 0.350114501882192
0.29781712715616 0.689644716227828 0.584145334434352 0.402702378572857 0.166666666666667 0.471212481686498
0.5527400396886 0.141466619497648 0.54616019818332 0.474315410753547 0.222222222222222 0.544441665819692
0.31392153869638 0.483847980997624 0.444095788604459 0.448331001399161 0.111111111111111 0.394488036788678
0.26576095252633 0.391029463789356 0.419605992686092 0.47231661003398 0.111111111111111 0.366759915396742
0.56525721263929 0.259387476626068 0.258700011796627 0.122326604037576 0.166666666666667 0.412995766887416
0.25405281636391 0.312442512760904 0.435649404270379 0.459324405356786 0.222222222222222 0.371607050812392
0.18534574874065 0.182811947238084 0.309425504305768 0.308814711173296 0.166666666666667 0.263966371501329
0.31424210044268 0.510390660534696 0.458534859030317 0.431341195282829 0.166666666666667 0.401653324931967
0.43080445733476 0.0936978824480721 0.407455467736228 0.452328602838296 0.166666666666667 0.420621379674762
0.44512288200275 0.644160307272452 0.399032676654477 0.36949030581651 0 0.417373128967912
0.0757136315066401 0.778748673371404 0.366190869411348 0.470317809314412 0 0.292434637773556
0.27482827049305 0.149951988679436 0.43824466202666 0.305684589246453 0.166666666666667 0.368760182839238
0.11372309571058 0.509081720321424 0.480004718650465 0.158504897061763 0.166666666666667 0.352595630781884
0.55098458250649 0.364835498054276 0.397782234280996 0.444333399960024 0.0555555555555556 0.471728429863956
0.0328194168829199 0.427760650932432 0.40143918839212 0.251381171297222 0 0.294365612905816
0.1427415661731 0.616429979279324 0.416774802406512 0.267239656206276 0.277777777777778 0.319015387091498
0.31460845672416 0.0920806590185481 0.539105815736699 0.461323206076355 0.333333333333333 0.451768713159464
0.0414593191879099 0.1083135391924 0.420313790255987 0.176494103537876 0.0555555555555556 0.304384074488459
0.27980460998321 0.209369788244808 0.308057095670639 0.328402958225065 0.111111111111111 0.297870805830766
0.23217829339032 0.389462778592004 0.610239471511148 0.317093743753747 0.111111111111111 0.467950709585537
0.07342390474737 0.602198413099508 0.637843576737053 0.434339396362182 0.166666666666667 0.471012927121228
0.53126240268661 0.04791024409966 0.533655774448508 0.418572856286227 0.333333333333333 0.525663085027464
0.26698214013128 0.639106484055188 0.430576855019464 0.26444133519888 0.111111111111111 0.35945648730163
0.04900015264845 0.273083337544852 0.435649404270379 0.433339996002398 0.111111111111111 0.331918097381305
0.56128835292322 0.199044827411936 0.236758287129881 0.320407755346792 0.111111111111111 0.411159645109399
0.0286979087162299 0.45341385758326 0.411112421847352 0.394111533080151 0.111111111111111 0.311045323585887
0.55785376278431 0.228650123818668 0.0316149581219771 0.218668798720767 0.0555555555555556 0.36842071492843
0.31550908258281 0.207924394804668 0.581172584640792 0.627419548271037 0.222222222222222 0.490391682928557
0.28633796366967 0.392641633395664 0.321576029255633 0.235194883070159 0.111111111111111 0.301799954360185
0.06808120897573 0.050750492747764 0.258983130824584 0.396238257045773 0.0555555555555556 0.215984364036819
0.43123187299649 0.37717188052762 0.203586174354135 0.546779932040777 0.277777777777778 0.346557637299812
0.0887650740345 0.528857330570576 0.511501710510793 0.250249850089945 0.166666666666667 0.37494732774292
0.39909937414135 0.247268408551068 0.247375250678307 0.408958624825106 0.277777777777778 0.331583285204228
0.20804457334758 0.411098195785112 0.318626872714404 0.259044573256047 0.5 0.27294557536685
0.11524958021676 0.119325819982816 0.441193818567889 0.462322606436139 0.222222222222222 0.344973254198166
0.15078613952068 0.410805074038512 0.410239471511148 0.458652808315012 0.388888888888889 0.330739967416872
0.6217524042131 0.254727851619752 0.137241948802643 0.752948231061363 0.166666666666667 0.460174909602076
0.31550908258281 0.580537726790316 0.446856199127049 0.432340595642614 0.222222222222222 0.395406111702242
0.5301480689971 0.468585434881488 0.269081042821753 0.650165900459724 0.222222222222222 0.429556945224185
0.42697298122424 0.498291807752564 0.417836498761355 0.178492904257445 0.111111111111111 0.410173094852409
0.37995725843383 0.257947137009148 0.48507726790138 0.447331601039376 0.222222222222222 0.440859249506846
0.51274614562662 0.321271541921464 0.609059808894656 0.89806116330202 0.944444444444444 0.595381670984784
0.51949320714395 0.225385354020316 0.369116432700248 0.483310013991606 0.388888888888889 0.446640917697592
0.52144710731186 0.376403699398596 0.139554087530967 0.110533679792125 0.0555555555555556 0.355050613079014
0.68096473820791 0.415863951078992 0.551256340686564 0.31245252848291 0.611111111111111 0.59814531554923
0.2546176156312 0.885071006216204 0.677480240651173 0.494303417949231 0.5 0.526617182354536
0.31582964432911 0.374650022742204 0.137430694821281 0.364181491105337 0.166666666666667 0.246682188705813
0.31373836055564 0.157820791428716 0.438905273091896 0.398584849090545 0.0555555555555556 0.387817363461044
0.25905968554419 0.722064992166572 0.394125280169872 0.478313012192684 0.111111111111111 0.35051847283011
0.11581437948405 0.348698640521556 0.189807714993512 0.481311213272037 0.111111111111111 0.1990472256346
0.08075103037704 0.300121291757216 0.5006724076914 0.20407755346792 0.166666666666667 0.364722463548461
0.49616852388948 0.527401829484004 0.459478589123511 0.486308215070957 0.222222222222222 0.477182771601848
0.36788276598993 0.5243846970233 0.228028783767843 0.365380771537078 0.166666666666667 0.304698550543005
0.73472752251565 0.477449840804568 0.242538633950691 0.283278033180092 0.166666666666667 0.514097034271571
0.2692108075103 0.479471370091476 0.279603633360859 0.326404157505496 0.111111111111111 0.278693910823215
0.63883376583728 0.32094809723556 0.311194998230507 0.464321407155706 0.166666666666667 0.486699688872522
0.59842772095863 0.335993328953352 0.301285832251976 0.382370577653408 0.166666666666667 0.455970119010216
0.10517478247596 0.294769292970132 0.455467736227439 0.429342394563263 0.0555555555555556 0.350128471138649
0.56209738971149 0.370091474200232 0.291258700011796 0.434339396362182 0.166666666666667 0.435734276738348
0.53136925660205 0.45024005660282 0.176123628642208 0.471936837897261 0.111111111111111 0.388006224562602
0.83043810105327 0.364117855157428 0.285407573433997 0.0609634219468314 0.444444444444444 0.57808933866078
0.44313845214471 0.649087784909284 0.505131532381739 0.461323206076355 0.5 0.476832104476334
0.49940467104259 0.756567443270836 0.444614840155716 0.428342994203478 0.166666666666667 0.467615622238225
0.25538085788429 0.273007530196592 0.215760292556329 0.344593244053569 0.166666666666667 0.243589822913325
0.4061975270951 0.427700005053824 0.428335496048131 0.34579252448531 0.222222222222222 0.41391808277796
0.22051595176309 0.2159245969576 0.445322637725611 0.25573855686588 0.166666666666667 0.354770645896214
0.18852083651351 0.482316672562792 0.528252919664976 0.272436538077153 0.222222222222222 0.402436920095787
0.27027934666463 0.548258957901652 0.47092131650348 0.481311213272037 0.444444444444444 0.399189658669625
0.44710731186078 0.194228533885884 0.449994101686917 0.192284629222467 0.166666666666667 0.436165773100258
0.41779880934209 0.237074847121848 0.606157838858087 0.488307015790525 0.333333333333333 0.526235081994924
0.23390322088231 0.0546823672107961 0.466226259289843 0.360423745752549 0.444444444444444 0.377462462993626
0.45580827354602 0.3329913579623 0.485903031732924 0.309690185888467 0.166666666666667 0.463283753251652
0.38794077240116 0.34720776267246 0.456741771853249 0.431341195282829 0.166666666666667 0.427132185361852
0.123950541902 0.589755900338608 0.399079863159136 0.287027783330002 0.0555555555555556 0.305031736583197
0.21621126545566 0.0863546773133879 0.304966379615429 0.286340195882471 0.166666666666667 0.269520221503396
0.08945199206228 0.096315762874616 0.466415005308481 0.175294823106137 0.166666666666667 0.340691170512285
0.4580980003053 0.058199828170012 0.0760882387637136 0.632620427743355 0.166666666666667 0.344863186202697
0.05205312166082 0.187168342851368 0.155361566591955 0.414411353188086 0.0555555555555556 0.158100947742121
0.4095557930087 0.087360388133624 0.111832016043412 0.923046172296622 0.166666666666667 0.367329210379361
0.31430315982293 0.397235558700156 0.239353544886163 0.430341794923047 0.222222222222222 0.288984556982643
0.13416272324836 0.357623692323244 0.614840155715465 0.452328602838296 0.5 0.462196357009747
0.12231720348038 0.137918835599132 0.152530376312375 0.198480911453127 0.222222222222222 0.144326814479325
0.70538849030682 0.46424420073786 0.383744249144744 0.694183489906057 0.333333333333333 0.564274899685976
0.42085177835445 0.168140698438368 0.408871062876017 0.474315410753547 0.222222222222222 0.418673641983451
0.17111891314303 0.230444231060796 0.337737407101569 0.132520487707376 0.222222222222222 0.267579852135139
0.38166692108075 0.27665133673624 0.710510793912941 0.624225464721167 0.944444444444444 0.587128055000423
0.50267134788582 0.28441400919796 0.362887814085172 0.384041575054967 0.333333333333333 0.429037928975811
0.26621889787819 0.080729772072572 0.0906688687035508 0.476937837297622 0.166666666666667 0.222649194400865
0.45182414898489 0.528043665032596 0.443199245015925 0.478313012192684 0.111111111111111 0.449311452437788
0.15927339337506 0.21761762773538 0.361566591954701 0.374375374775135 0.222222222222222 0.294404203827786
0.19737444664937 0.383504321018852 0.873587354016751 0.517289626224265 0.611111111111111 0.650053788927559
0.58632269882461 0.24902208520746 0.494207856553025 0.443333999600239 0.166666666666667 0.532208600180841
0.18577316440238 0.59589629554758 0.309189571782471 0.377573455926445 0.222222222222222 0.269911333917074
0.55931918791024 0.604932531460048 0.618544296331249 0.370337797321608 0.888888888888889 0.580055838085825
0.26270798351397 0.123414362965584 0.537477881325941 0.455326803917649 0.5 0.436032043688514
0.40909784765685 0.600894526709456 0.407337501474579 0.470317809314412 0.166666666666667 0.412624314436725
0.14913753625401 0.121028958407036 0.393771381384924 0.482310613631822 0.166666666666667 0.322409118619703
0.14058922301939 0.28836609895386 0.481302347528607 0.496302218668798 0.277777777777778 0.377840790877502
0.24988551366204 0.659867589831708 0.498265895953757 0.448926644013592 0.222222222222222 0.407794999263367
0.50773927644634 0.361110830343156 0.765954936888049 0.479312412552469 0.666666666666667 0.650480259922422
0.57350022897268 0.158467680800524 0.538091305886516 0.467319608235059 0.5 0.549037537272671
0.29166539459624 0.51983625612776 0.233219299280405 0.446332200679592 0.166666666666667 0.277784595253692
0.33991756983667 0.81093647344216 0.473516574259761 0.39036578053168 0.888888888888889 0.41626924841485
0.49091741718822 0.415191792591096 0.304117022531556 0.364781131321208 0.166666666666667 0.397765133010772
0.36650892993436 0.190498812351544 0.123274743423381 0.316450129922047 0.166666666666667 0.267309292009127
0.35200732712563 0.63856572497094 0.658487672525657 0.482310613631822 0.5 0.537303805812584
0.19926728743703 0.281442361146208 0.431520585112657 0.461043373975614 0.277777777777778 0.354744346381027
0.47208059838193 0.811441855763884 0.576855019464433 0.45332800319808 0.222222222222222 0.526847034127187
0.681727980461 0.074190124829432 0.313908222248437 0.452328602838296 0.166666666666667 0.510906109119096
0.0657914822164599 0.233663516450196 0.608469977586411 0.3776813911653 0.166666666666667 0.446865460843938
0.27629369561899 0.256724111790568 0.472218945381621 0.362382570457725 0.166666666666667 0.393200261768254
0.32590444206991 0.332117046545712 0.287011914592427 0.224465320807516 0.388888888888889 0.300551354317337
0.39337505724317 0.267994137565068 0.469859620148637 0.198480911453127 0.277777777777778 0.424898126964153
0.60280873149138 0.39264668721888 0.292674295151587 0.369854087547473 0.166666666666667 0.454869085843444
0.1786902762937 0.0777833931369079 0.473681727026071 0.307027783330002 0.111111111111111 0.366027139918253
0.6236299801557 0.17735381816344 0.298997286775983 0.338740755546673 0.444444444444444 0.467069359303922
0.29201648603267 0.243867185525852 0.427627698478235 0.452328602838296 0.166666666666667 0.378066857324112
0.41186078461304 0.24226006974276 0.437300931933467 0.435338796721967 0.222222222222222 0.426559938285554
0.10328194168829 0.129782180219336 0.310015335614015 0.434339396362182 0.166666666666667 0.257107276140375
0.62173713936804 0.026684186587152 0.222130470685384 0.209874075554667 0.222222222222222 0.438203894449318
0.74385589986262 0.154293222823064 0.350595729621328 0.496302218668798 0.277777777777778 0.560178455829329
0.32608762021065 0.162293424975996 0.390822224843695 0.370377773335998 0.0555555555555556 0.363328731948004
0.10834987024882 0.23971294284126 0.546537690220597 0.464321407155706 0.166666666666667 0.41398052451121
0.09876354754999 0.32220144539344 0.101215052494986 0.468319008594843 0.0555555555555556 0.155331077505282
0.3291100595329 0.121726386011016 0.220478943022296 0.461123326004398 0.222222222222222 0.291530137093029
0.22454587085941 0.668924041037044 0.537006016279344 0.437337597441535 0.166666666666667 0.425319338742471
0.40009158907037 0.611174003133372 0.387047304470921 0.433339996002398 0.111111111111111 0.395879368242831
0.50499160433522 0.779855460655988 0.585466556564823 0.642214671197282 0.166666666666667 0.556994981746213
0.65626621889788 0.328746146459796 0.463135543234635 0.17296022386568 0.222222222222222 0.541993346829619
0.30523584185621 0.547642391469148 0.518508906452755 0.340707575454727 0.166666666666667 0.428993563874272
0.57757594260418 0.455976145954416 0.315795682434824 0.39440335798521 0.166666666666667 0.450210595009798
0.32376736376126 0.588072977207256 0.528842750973221 0.468319008594843 0.0555555555555556 0.44882150846827
0.2038772706457 0.38149289937838 0.613542526837324 0.448331001399161 0.444444444444444 0.471771737989392
0.12471378415509 0.4487997169859 0.431874483897605 0.479312412552469 0.166666666666667 0.341922941673767
0.26594413066707 0.096684691969476 0.399669694467383 0.454327403557865 0.111111111111111 0.35373198418559
0.18064417646161 0.290372466771112 0.0878848649286304 0.385368778732761 0.166666666666667 0.166666666666653
0.3542970538849 0.400818719361196 0.621281113601511 0.328874675194882 0.333333333333333 0.506738120274724
0.5510609067318 0.400318390862688 0.448861625575085 0.443333999600239 0.166666666666667 0.494460510958605
0.30346511982903 0.060645878607168 0.443435177539224 0.451193284029582 0.222222222222222 0.390842582228861
0.20921996641734 0.555218072471824 0.521646809012623 0.230661603038176 0.222222222222222 0.400630535347853
0.35277056937872 0.088719866579068 0.182588179780583 0.268239056566061 0.166666666666667 0.273105678272025
0.88771179972523 0.597109213119724 0.448743659313436 0.882070757545473 0.722222222222222 0.699344738644327
0.16505876965349 0.151023399201496 0.399669694467383 0.147911253248051 0 0.306994068072347
0.56095252633186 0.275130135947844 0.304824820101451 0.461323206076355 0.166666666666667 0.441655179896185
0.46441764616089 0.377773285490472 0.434280995635248 0.439336398161104 0.111111111111111 0.447644774197695
0.41718821553961 0.55921564663668 0.439943376194408 0.162902258644814 0.111111111111111 0.417158105563347
0.78156006716532 0.393182392479912 0.175557390586292 0.560063961623025 0.222222222222222 0.543976752259365
0.67485880018318 0.0544246222267159 0.200778577326884 0.549870077953227 0.166666666666667 0.483794122129299
0.64145931918791 0.15637034416536 0.147339860799811 0.205476713971618 0.166666666666667 0.434070925779934
0.44961074645092 0.11152777075858 0.287719712162321 0.481311213272037 0.111111111111111 0.378746445389942
0.25750267134789 0.013847475615304 0.256576619086941 0.328402958225065 0.111111111111111 0.262421995039565
0.45347275225156 0.449598221054228 0.582517400023593 0.459324405356786 0.222222222222222 0.523420517815386
0.15548771179973 0.207141052205992 0.322991624395423 0.452328602838296 0.166666666666667 0.277643143986683
0.21905052663715 0.061206852984284 0.329055090244191 0.274091545072957 0.166666666666667 0.283668531725628
0.40009158907037 0.392328296356192 0.327568715347411 0.42319808115131 0.333333333333333 0.366775828059849
0.40912837734697 0.670192550664576 0.445700129762888 0.162106735958425 0.111111111111111 0.416858096505458
0.5614562662189 0.166220245615808 0.561637371711691 0.446332200679592 0.333333333333333 0.55454226689108
0.56121202869791 0.297200181937636 0.363689984664385 0.47231661003398 0.277777777777778 0.464631503402513
0.27368340711342 0.36564410976904 0.449805355668279 0.382578452928243 0.333333333333333 0.380137271213039
0.49955731949321 0.120730782837216 0.560693641618497 0.490305816510094 0.444444444444444 0.530939428796892
0.07495038925355 0.359670490726236 0.0628288309543471 0.173495902458525 0.166666666666667 0.0801157081320145
0.67850709815295 0.591964421084552 0.469057449569423 0.469318408954627 0.444444444444444 0.567436646870396
0.6656540986109 0.373037853135896 0.140828123156777 0.252848291025384 0.277777777777778 0.44982375666494
0.3746908868875 0.276423914691464 0.589477409460895 0.47231661003398 0.444444444444444 0.501255688246793
0.19650435048084 0.294152726537624 0.295623451692816 0.446332200679592 0.166666666666667 0.272467678459435
0.43869638223172 0.555723454793552 0.452872478471157 0.442334599240455 0.111111111111111 0.446202397647288
0.34055869332926 0.480921817354828 0.101215052494986 0.190485708574855 0.0555555555555556 0.238431896785161
0.20012211876049 0.151483297114268 0.446596673351421 0.212580451728963 0.111111111111111 0.348481011230458
0.12051595176309 0.370414918886136 0.490503715937241 0.37597441535079 0.222222222222222 0.371500895567924
0.7063959700809 0.238727447313892 0.475168101922851 0.512292624425345 0.5 0.586637851592713
0.21050221340253 0.268282205488452 0.395446502300343 0.356494103537876 0.388888888888889 0.326907014130543
0.20317508777286 0.0178905341891161 0.386197947387047 0.265932440535678 0.222222222222222 0.313221955823383
0.35437337811021 0.497963309243444 0.402430104989973 0.160179892064761 0 0.370590548819451
0.66646313539918 0.51082528933138 0.565176359561165 0.233459924045573 0.333333333333333 0.595386069687074
0.10430468630743 0.203264769798352 0.450725492509143 0.30703577853288 0.0555555555555556 0.338020249340973
0.0963211723401001 0.133067165310556 0.255019464433172 0.230617629422347 0.166666666666667 0.201458587343779
0.21920317508777 0.6548592510234 0.50642916125988 0.450329802118729 0.388888888888889 0.405520317830645
0.63694092504961 0.36295042199424 0.522826471629115 0.446332200679592 0.333333333333333 0.569639138704912
0.22062280567852 0.169202001313996 0.585938421611419 0.494303417949231 0.5 0.460076108816611
0.03816211265456 0.30694395310052 0.405072549250915 0.195482710373776 0.0555555555555556 0.294309949268264
0.11415051137231 0.21673320867236 0.213967205379261 0.441335198880673 0.222222222222222 0.20477154195974
0.47632422530911 0.53128821953808 0.627698478235225 0.475314811113331 0.277777777777778 0.558380858944868
0.56580674706152 0.636705918026988 0.464905037159372 0.478313012192684 0.611111111111111 0.510982660123327
0.0802930850251901 0.0374993682720959 0.310015335614015 0.245528682790326 0.111111111111111 0.235929181887459
0.18729964890856 0.607232021023904 0.413754866108293 0.424345392764341 0.111111111111111 0.337722205654437
0.7420241184552 0.736220750998132 0.874389524595965 0.509294423345992 1 0.799846781081797
0.80125171729507 0.566836812048316 0.401557154653769 0.533080151908855 0.611111111111111 0.611111111111176
0.15290795298428 0.40255218072472 0.242184735165743 0.205076953827704 0.166666666666667 0.206332695188504
0.41535643413219 0.557355839692728 0.301403798513625 0.280115930441735 0.111111111111111 0.353065127151845
0.45351854678675 0.362192348511648 0.270260705438244 0.253431940835498 0.111111111111111 0.358759572724077
0.36699740497634 0.37055642593622 0.225197593488263 0.375654607235659 0.277777777777778 0.304016337441014
0.1786902762937 0.548056804972964 0.265400495458299 0.313703777733361 0.111111111111111 0.236619886584178
0.32987330178599 0.473174306362764 0.278990208800283 0.253847691385169 0.166666666666667 0.300123097584222
0.4010380094642 0.827194622732096 0.440132122213047 0.292424545272837 0.111111111111111 0.4153008817806
0.43916959242864 0.262111487340172 0.284086351303527 0.251373176094343 0.111111111111111 0.356513405520012
0.26200580064112 0.625612776065092 0.591364869647281 0.38157105736558 0.333333333333333 0.465548379791899
0.13417798809342 0.159640167786932 0.396177893122567 0.901327203677794 0.277777777777778 0.377082064789893
0.58693329262708 0.658831556072168 0.55609295741418 0.482310613631822 0.666666666666667 0.564825963054327
0.31222714089452 0.238277657047556 0.474460304352955 0.198480911453127 0.111111111111111 0.398070270074908
0.39856510456419 0.30646383989488 0.229680311430931 0.238456925844494 0.0555555555555556 0.313105700881997
0.65196153259044 0.425739121645524 0.122850064881444 0.408666799920047 0.166666666666667 0.446346859830292
0.3757288963517 0.765158942740184 0.606299398372065 0.426260243853688 0.222222222222222 0.508945664063191
0.53947488932987 0.358806286956084 0.166804293971924 0.443333999600239 0.166666666666667 0.388382956069523
0.61379941993589 0.509728609693232 0.146679249734576 0.409154507295624 0.111111111111111 0.426648069690192
0.19737444664937 0.532976196492648 0.206983602689631 0.883070157905257 0.111111111111111 0.30143582112585
0.01114333689513 0.011825946328396 0.410357437772797 0.271393164101539 0 0.301053029675888
0.19517630896046 0.476631121443372 0.351657425976171 0.48930641615031 0.222222222222222 0.308493966993703
0.53747519462677 0.750290594834992 0.512563406865636 0.467319608235059 0.166666666666667 0.520412300060706
0.50770874675622 0.52449082731086 0.540049545829892 0.279432340595643 0.222222222222222 0.512724343235951
0.29094794687834 0.500859149946936 0.213872832369943 0.748750749550271 0.277777777777778 0.311363894490206
0.51268508624637 0.144099661393844 0.437914356494043 0.482310613631822 0.166666666666667 0.473995150325061
0.43813158296443 0.0380047505938241 0.2325822814675 0.283829702178692 0.333333333333333 0.338166638726197
0.22527858342238 0.482038712285844 0.226235696590775 0.402934239456325 0.5 0.241851232511207
0.5284689360403 0.207383635720424 0.306264008493571 0.226464121527084 0.444444444444444 0.411835961183298
0.37250801404366 0.0907666649820601 0.492981007431875 0.434339396362182 0.166666666666667 0.441743780825449
0.54588612425584 0.203815636529036 0.200896543588533 0.180435738556867 0.111111111111111 0.386153096784709
0.11799725232789 0.387067266387024 0.504777633596791 0.407155706576055 0.222222222222222 0.382918928013328
0.4849641276141 0.343867185525852 0.374778813259408 0.140115930441735 0.222222222222222 0.415329000926844
0.0228972675927301 0.513807045029564 0.430576855019464 0.10453727763342 0.111111111111111 0.308577439201673
0.30947946878339 0.134770303734776 0.325704848413353 0.4773136118329 0.555555555555556 0.331537746718201
0.25722790413677 0.06018092687118 0.121859148283591 0.394363381970818 0.166666666666667 0.214703625817298
0.0452755304533699 0.503199070096528 0.498879320514333 0.475314811113331 0.111111111111111 0.37766977704428
0.61379941993589 0.126239450144036 0.195753214580629 0.412152708374974 0.166666666666667 0.436736144832622
0.53671195237368 0.353595795219084 0.388109000825764 0.404357385568659 0.611111111111111 0.45802946861079
0.46420393833003 0.574220447768736 0.496637961542999 0.383170097941235 0.166666666666667 0.476132470029586
0.48313234620669 0.506190933441148 0.429232039636664 0.451329202478514 0.111111111111111 0.454324755224845
0.44017707220272 0.326957093040884 0.117612362864221 0.199880071956826 0.166666666666667 0.303169250062408
0.38323920012212 0.349729620457876 0.433290079037395 0.444333399960024 0.388888888888889 0.413592054508868
0.24229888566631 0.109930762621924 0.356022177657191 0.194683190085949 0.333333333333333 0.303152674008398
0.34452755304534 0.543649871127508 0.457827061460423 0.424529282430541 0.166666666666667 0.411175667223969
0.62958326972981 0.152721483802496 0.398843930635839 0.413363981611033 0.222222222222222 0.510418439544079
0.50389253549076 0.202350027796028 0.466438598560812 0.468319008594843 0.222222222222222 0.482803307364594
0.05309113112502 0.29767524132006 0.444378907632417 0.325604637217669 0.166666666666667 0.329760420521603
0.56605098458251 0.498231161873956 0.514686799575321 0.471317209674196 0.388888888888889 0.534384505226853
0.79500839566478 0.708925051801688 0.431638551374307 0.444333399960024 0.388888888888889 0.613291511694848
0.4061975270951 0.273841411027444 0.435649404270379 0.373575854487308 0.111111111111111 0.419390064921805
0.1755304533659 0.022944357406376 0.355786245133892 0.140915450729563 0.111111111111111 0.280653747804076
0.29836666157839 0.142770505887704 0.135094962840628 0.618189086548071 0.166666666666667 0.26980810168359
0.59514577927034 0.515944812250468 0.584876725256577 0.508295022986208 0.444444444444444 0.584447204495915
0.5435811326515 0.151205336837316 0.367111006252212 0.200479712172696 0.166666666666667 0.443356558695134
0.56556250954053 0.389407186536616 0.298100743187448 0.427343593843694 0.111111111111111 0.439506236967152
0.26392917111891 0.721989184818316 0.484251504069836 0.359984009594243 0.166666666666667 0.396872498275835
0.15905968554419 0.370091474200232 0.0667453108410995 0.586648011193284 0.166666666666667 0.190240921954042
0.21004426805068 0.421377672209028 0.141913412763949 0.539676194283429 0.222222222222222 0.220414963040571
0.57727064570295 0.461035022994896 0.52058511265778 0.486308215070957 0.555555555555556 0.543212799393359
0.63344527553045 0.52153939455198 0.527899020880028 0.448331001399161 0.444444444444444 0.57046950196244
0.57994199358876 0.94134027391722 0.673941252801699 0.497301619028582 0.666666666666667 0.624706693840542
0.0320561746298299 0.311997776317784 0.439518697652472 0.149774135518688 0.166666666666667 0.316487907044192
0.66646313539918 0.389427401829484 0.517046124808305 0.235714571257245 0.333333333333333 0.572776525767712
0.12869790871623 0.447040986506292 0.306122448979592 0.431341195282829 0.166666666666667 0.259250163900268
0.61805831170814 1 0.627344579450277 0.454327403557865 0.444444444444444 0.613222985165705
0.6063959700809 0.321418102794764 0.433526011560693 0.428526883869678 0.222222222222222 0.513720234608244
0.42604182567547 0.608227624197704 0.360386929338209 0.425344793124125 0 0.393979591941185
0.4187910242711 0.483069692222164 0.822295623451693 0.473036178293024 1 0.658225013086103
0.66692108075103 0.391519684641432 0.132476111832016 0.325204877073755 0.166666666666667 0.452455453662155
0.37643107922455 0.31463081821398 0.238409814792969 0.445332800319808 0.111111111111111 0.319953869790333
0.0599908410929601 0.140809622479404 0.500648814439071 0.365580651609035 0.111111111111111 0.371445442408961
0.37997252327889 0.267367463486128 0.307302111596084 0.256046372176694 0.111111111111111 0.337155213488608
0.25757899557319 0.499201495931672 0.541229208446384 0.504297421547073 0.388888888888889 0.440700156771646
0.03784155090826 0.065012381866884 0.526530612244897 0.46532080751549 0.0555555555555556 0.395164233912229
0.16867653793314 0.210067215848788 0.269316975345051 0.384369378372976 0.222222222222222 0.242699276435725
0.37907189742024 0.340880376004448 0.190751445086705 0.227263641814912 0.222222222222222 0.287980063177316
0.15249580216761 0.260853085359076 0.409696826707561 0.220667599440335 0.277777777777778 0.313825942581317
0.29629064264998 0.44776873704958 0.60139200188746 0.279432340595643 0.222222222222222 0.475799319292037
0.23523126240269 0.58396927275484 0.616727615901852 0.444333399960024 0.222222222222222 0.479750238640987
0.0331247137841601 0.515272653762572 0.291069953993157 0.290425744553269 0.166666666666667 0.221867585521676
0.25736528774233 0.654318491939152 0.594667924973457 0.463322006795922 0.277777777777778 0.471550547217351
0.37978934513815 0.019608834082984 0.186740592190633 0.15610633619828 0.166666666666667 0.283822307005633
