RMSE 0.156102743472786
Av. abs error 0.115738174672957
Pearson Correlation 0.457488311564556
Spearman Correlation 0.388647075057765
Orness 0.104071524194942
i Shapley i
1 0.22833016668585
2 0.154474459195917
3 0.295224625775953
4 0.321970748342277
binary number fm.weights
1 0
2 0
3 0
4 0.0682615925604888
5 0.0682615925604888
6 0.0682615925604888
7 0.0682615925604888
8 0.0620276949741637
9 0.127987735279462
10 0.0620276949741637
11 0.127987735279462
12 0.19351506089918
13 0.382102163216329
14 0.19351506089918
15 0.999999999999998
