0.23376041988268 0.0992788830358532 0.356022177657191 0.142401021711368 0.333333333333333 0.258151948153105
0.377122568694045 0.329862425203297 0.260493098973693 0.194491272882079 0.0555555555555556 0.314174139211016
0.0791911083667798 0.0855009461463741 0.466415005308481 0.121753937845893 0.166666666666667 0.237604085625333
0.166100648348254 0.229386794865239 0.528134953403327 0.351515538527032 0.111111111111111 0.330038620845726
0.442729237418953 0.181547588605328 0.0712280287837679 0.225104299702001 0.166666666666667 0.24379482558311
0.56035813522692 0.250524216232805 0.258700011796627 0.0653469561515533 0.166666666666667 0.368362136679416
0.280673047236803 0.290927223443974 0.388462899610711 0.486590038314176 0.444444444444444 0.335699840117583
0.286971287434391 0.262849690584565 0.479438480594549 0.259906343124734 0.111111111111111 0.35923301242484
0.229067613460949 0.387434153326855 0.277291494632535 0.356747552149852 0.111111111111111 0.278453206310842
0.241432540907692 0.346478801206977 0.532617671345995 0.411451681566625 0.222222222222222 0.382425372134571
0.502161160852115 0.51880018411497 0.540049545829892 0.232652192422308 0.222222222222222 0.506435992695478
0.217351034269834 0.384590599907945 0 0.204555129842486 0.0555555555555556 0.154525435048097
0.0413707934547754 0.177440801922981 0.155361566591955 0.376394210302256 0.0555555555555556 0.124126975143672
0.52454461253473 0.390676622513172 0.464621918131415 0.293793103448277 0.111111111111111 0.468999222226374
0.296387774004318 0.454431545031452 0.500011796626165 0.428467432950193 0.611111111111111 0.408289281896727
0.401975918493361 0.20650028128676 0.602689630765601 0.781396338867603 0.166666666666667 0.472151737416778
0.145970978697134 0.197652534137983 0.322991624395423 0.416773094934014 0.166666666666667 0.238197496929814
0.451991355356595 0.0469288600214829 0.0760882387637136 0.608769689229461 0.166666666666667 0.248408415504396
0.0382834208088915 0.264383981997648 0.435649404270379 0.396551724137931 0.111111111111111 0.249348302468752
0.556514356282806 0.156242008898891 0.561637371711691 0.410387398893146 0.333333333333333 0.491435962509921
0.0629824019759223 0.597437733340151 0.637843576737053 0.397616006811409 0.166666666666667 0.390194882610442
0.536894103118245 0.289408274945021 0.298242302701428 0.230523627075352 0.388888888888889 0.388888888888967
0.339765359678917 0.398573108985832 0.390775038339035 0.134312473392933 0 0.35879887270771
0.601960481630129 0.313297192246715 0.433526011560693 0.391426138782461 0.222222222222222 0.480737740107905
0.410898425439946 0.576683884825858 0.406676890409343 0.359667943805875 0.111111111111111 0.431448119686384
0 0 0.410357437772797 0.22409110259685 0 0.175785362262604
0.823247916023463 0.21956732982151 0.402618851008612 0.964099616858237 0.5 0.571225307581932
0.177508490274778 0.506157622871171 0.478589123510676 0.266709237973607 0.666666666666667 0.351888581640929
0.479669651126886 0.133943640362092 0.184499233219299 0.0753512132822491 0.166666666666667 0.289422775958317
0.60944736029639 0.503861300056257 0.146679249734576 0.370796083439763 0.111111111111111 0.396120219316263
0.106699598641558 0.463949266097273 0.235814557036688 0.455087271179225 0.166666666666667 0.229266019477483
0.0269990737882086 0.0538229427709334 0.526530612244897 0.430608769689229 0.0555555555555556 0.251506840366614
0.139549243593705 0.110509896179617 0.393771381384924 0.448701575138358 0.166666666666667 0.252585311000115
0.538437789441182 0.141047409604664 0.367111006252212 0.14857386121754 0.166666666666667 0.390868950572933
0.376103735720905 0.0724850406587257 0.317683142621211 0.0389527458492984 0.222222222222222 0.290479062617097
0.133081197900584 0.611839615404286 0.416774802406512 0.219667943805876 0.277777777777778 0.32280447542015
0.678650818153753 0.509256891525599 0.323581455703669 0.0474670072371226 0.333333333333333 0.479451868373735
0.379160234640324 0.0375389965734191 0.562062050253628 0.428480204342273 0.277777777777778 0.403904234158976
0.176165483173819 0.173032271262721 0.309425504305768 0.263942103022563 0.166666666666667 0.233528513761866
0.236647113306575 0.468971513322766 0.216232157602925 0.207688378033205 0.111111111111111 0.261759544568591
0.0802716887928396 0.242423157571727 0.452990444732807 0.421030225627927 0.222222222222222 0.271013241279518
0.731738190799633 0.471196235871733 0.242538633950691 0.236747552149852 0.166666666666667 0.471874807115601
0.249212719975296 0.493208203344756 0.541229208446384 0.472115793954876 0.388888888888889 0.41395106078598
0.317845013893179 0.497105303533986 0.412999882033739 0.116219667943806 0 0.372793358550025
0.00679221982093041 0.193269575001281 0.483071841453344 0.446573009791401 0.0555555555555556 0.24764797888838
0.688792837295466 0.387751240218894 0.11629114073375 0.668927203065134 0.222222222222222 0.413100602833421
0.740969435010809 0.144172249782642 0.350595729621328 0.463601532567049 0.277777777777778 0.481298762921084
0.434578573633837 0.0959596992788851 0.395422909048012 0.116645381013198 0.333333333333333 0.352405063730504
0.357301636307506 0.664537411138956 0.539577680783296 0.443380161770966 0.0555555555555556 0.48066058384923
0.436863229391787 0.644888252442081 0.505131532381739 0.426351638995318 0.5 0.494838807696308
0.29916640938561 0.187377895975045 0.458652825291967 0.874840357598978 0.666666666666667 0.375085534804289
0.108675517134917 0.447726691556283 0.0732570484841336 0.280544912728822 0.0555555555555556 0.153725274776111
0.130287125656064 0.099688027412674 0.304706853839801 0.228820774797787 0.222222222222222 0.200590958549319
0.494597097869716 0.177082800593262 0.553804411938185 0.378326947637293 0.333333333333333 0.465079347693703
0.490490892250692 0.521746023628088 0.459478589123511 0.452958705832269 0.222222222222222 0.480855166517553
0.197946897190489 0.148028435534192 0.270496637961543 0.295444870157514 0.166666666666667 0.22444061109455
0.507255325717813 0.313148877410118 0.609059808894656 0.891443167305237 0.944444444444444 0.538191658109214
0.552871256560669 0.219419014984913 0.0316149581219771 0.16794380587484 0.0555555555555556 0.274721338379871
0.368694041370792 0.762348488722959 0.606299398372065 0.389012345679013 0.222222222222222 0.523901507096633
0.301698054955232 0.124415690686853 0.325704848413353 0.443380161770966 0.555555555555556 0.291868643121561
0.0162087063908576 0.571370122231883 0.404860209979945 0.39229459344402 0.0555555555555556 0.273875224763691
0.407780179067617 0.636086534035698 0.571900436475168 0.468922945934441 0.388888888888889 0.510810195077537
0.121642482247605 0.674024446376515 0.516102394715112 0.272030651340996 0.277777777777778 0.36999016981131
0.0300864464340822 0.554758860532912 0.301309425504305 0.379736057896978 0.166666666666667 0.234766235924453
0.560666872491512 0.382099933514041 0.298100743187448 0.390166028097063 0.111111111111111 0.42013675874526
0.086137696820006 0.122692169999488 0.255019464433172 0.180668369518945 0.166666666666667 0.164063315738072
0.174328496449519 0.238838029969827 0.456647398843931 0.407194550872711 0.166666666666667 0.308830035318783
0.38159925903057 0.538485142944816 0.458487672525657 0.141762452107281 0.166666666666667 0.423971306147583
0.291447977770916 0.49659898736767 0.702725020644096 0.419965942954449 0.5 0.493525699786903
0.223896264279103 0.171145092824633 0.303291258700012 0.41890166028097 0.111111111111111 0.257565752520612
0.715035504785423 0.186779522323942 0.402618851008612 1 0.611111111111111 0.524879317854272
0.597221364618706 0.183260880683271 0.366709920962604 0.319625372498936 0.222222222222222 0.429017902530195
0.344705155912319 0.634240270035289 0.658487672525657 0.448701575138358 0.5 0.519068050769893
0.284038283420813 0.417148263693552 0.125350949628406 0.0315027671349506 0.0555555555555556 0.227711640905733
0.642667489966039 0.413097734363015 0.844992332192993 0.479565772669221 0.944444444444444 0.68138844814955
0.306576103735723 0.390021991510254 0.239353544886163 0.393358876117498 0.222222222222222 0.296405668697847
0.677369558505715 0.408873318672328 0.551256340686564 0.267816091954023 0.611111111111111 0.566236119984074
0.19762272306267 0.150534444842223 0.12905509024419 0.117071094082589 0.0555555555555556 0.159062710863396
0.347020685396725 0.393648033549839 0.621281113601511 0.285304384844614 0.333333333333333 0.46095297531153
0.43964186477308 0.311154298573111 0.250654712752153 0.209676458067264 0.111111111111111 0.333160690199278
0.148178450138936 0.166445046795888 0.265424088710629 0.398680289484887 0.0555555555555556 0.210416160535898
0.234624884223524 0.264409553521201 0.194998230506075 0.449127288207749 0.222222222222222 0.23385753702372
0.257672121025004 0.0858742903902239 0.399669694467383 0.41890166028097 0.111111111111111 0.296972724195881
0.332479160234645 0.808673860788627 0.473516574259761 0.350787569178374 0.888888888888889 0.461188240405649
0.17983945662241 0.175901396205188 0.303527191223311 0.407194550872711 0.166666666666667 0.240188916086077
0.106205619018216 0.0531785403774381 0.310322047894303 0.247552149851 0.111111111111111 0.18720029938195
0.211732016054339 0.206541195724444 0.445322637725611 0.207420178799489 0.166666666666667 0.304455671360473
0.306946588453225 0.0119521301079143 0.150171051079391 0.32234993614304 0.111111111111111 0.200699877349551
0.50219203457857 0.353464941441214 0.765954936888049 0.445508727117923 0.666666666666667 0.582948087680866
0.0882988576721257 0.464614125709612 0.421115960835201 0.157088122605364 0.111111111111111 0.281523888039929
0.215421426366168 0.740193320718049 0.548661082930281 0.334610472541508 0.166666666666667 0.433526146437339
0.406004939796236 0.0473584616171438 0.637466084699776 0.404001702852279 0.333333333333333 0.445129939953743
0.303380673047237 0.133994783409198 0.613778459360623 0.416773094934014 0.5 0.40822174681564
0.135535659154057 0.628138904515931 0.328536038692933 0.233759046402724 0.166666666666667 0.29152326549202
0.0300864464340822 0.441405410934386 0.310015335614015 0.419965942954449 0.166666666666667 0.223309309516935
0.669543068848407 0.355341891269884 0.206087059101097 0.745423584504046 0.277777777777778 0.440396500606611
0.14847175054029 0.286309006290597 0.391058157366993 0.290259684972328 0.0555555555555556 0.273465952674695
0.138870021611612 0.403753899657344 0.397876607290315 0.26607066836952 0.444444444444444 0.288725618525373
0.0950910774930562 0.286329463509437 0.455467736227439 0.39229459344402 0.0555555555555556 0.283063205349531
0.459061438715651 0.467007620314018 0.571003892886635 0.269123031077055 0.277777777777778 0.495706507450547
0.560913862303183 0.632358205901909 0.464905037159372 0.444444444444445 0.611111111111111 0.527283508580934
0.304476690336524 0.229161765457987 0.474460304352955 0.146445295870583 0.111111111111111 0.353543768879753
0.479160234640317 0.336014933769757 0.374778813259408 0.0842911877394645 0.222222222222222 0.39622249127021
0.228465575795003 0.255254948089808 0.425268373245252 0.386973180076628 0.111111111111111 0.319316768767403
0.41684161778327 0.260778397176903 0.430317329243836 0.445508727117923 0.166666666666667 0.400335552427388
0.590583513430071 0.510151894849896 0.584876725256577 0.476372924648787 0.444444444444444 0.570580964515503
0.554353195430686 0.60020457218841 0.618544296331249 0.329459344401874 0.888888888888889 0.575769741073777
0.424205001543691 0.284524113946708 0.573316031614959 0.289059174116646 0.222222222222222 0.45641132294819
0.212719975301023 0.124814606454256 0.410121505249499 0.170170285227756 0.111111111111111 0.276651753757858
0.0818771225686969 0.604285787347213 0.450041288191577 0.248659003831418 0.111111111111111 0.316008630150667
0.586600802716888 0.371656523295661 0.477881325940781 0.44125159642401 0.444444444444444 0.50360426919046
0.886106823093545 0.40369252800082 0.487082694349416 0.323967645806727 0.722222222222222 0.625897953824613
0.510713183081198 0.434910243952334 0.617600566238056 0.358148148148147 0.333333333333333 0.534665685551444
0.546001852423591 0.393141717383523 0.448861625575085 0.407194550872711 0.166666666666667 0.477261091626059
0.297885149737572 0.289413389249735 0.341276394951044 0.397616006811409 0.166666666666667 0.318990207872578
0.575023155294841 0.2286196491587 0.445204671463961 0.847807577692634 0.333333333333333 0.484713563526654
0.60944736029639 0.115782744335911 0.195753214580629 0.373988931460196 0.166666666666667 0.35793010767228
0.459740660697745 0.318902470209175 0.225669458534859 0.710940825883356 0.166666666666667 0.35727373691075
0.609972213646188 0.241952641538383 0.125044237348118 0.065559812686249 0.166666666666667 0.333289468107175
0.438870021611611 0.639901805349564 0.399032676654477 0.328556832694764 0 0.447461370397642
0.0177523927138045 0.446872602669666 0.411112421847352 0.354776500638569 0.111111111111111 0.256514304452782
0.284964495214577 0.119398557766074 0.373929456175533 0.127075351213283 0 0.28803764325384
0.106205619018216 0.466061473942619 0.0651409696826708 0.0315027671349506 0.0555555555555556 0.139829096682318
0.148085828959551 0.0911522528512271 0.456647398843931 0.429544487015751 0.166666666666667 0.277372460617513
0.318493362148807 0.15226819413901 0.390822224843695 0.329501915708812 0.0555555555555556 0.323200054747675
0.589410311824636 0.789730476141767 0.469033856317093 0.476372924648787 0.444444444444444 0.565448049723535
0.0460018524235862 0.113532450263386 0.248790845818096 0.407620263942103 0.0555555555555556 0.155456749068494
0.412241432540904 0.476883342709557 0.822295623451693 0.43882503192848 1 0.587741959000327
0.523155294844089 0.19789802076408 0.306264008493571 0.17624521072797 0.444444444444444 0.370231764732056
0.368014819388699 0.0729299851685178 0.499775864102867 0.382222222222222 0.277777777777778 0.37745346595088
0.241432540907692 0.655797064389097 0.498265895953757 0.413150276713496 0.222222222222222 0.414986769239529
0.104167953071937 0.207359484478086 0.213967205379261 0.405065985525757 0.222222222222222 0.178627070330077
0.598332818771231 0.385378202833325 0.292674295151587 0.328944231587911 0.166666666666667 0.430449885562118
0.357672121025008 0.591832455377691 0.440957886044591 0.338016177096636 0.222222222222222 0.425125973655029
0.189765359678918 0.033196951874393 0.156069364161849 0.120902511707111 0.222222222222222 0.149404589853011
0.297622723062673 0.335549532041121 0.306075262474932 0.533086419753086 0.277777777777778 0.318405278102611
1 0.38208459059991 0.523723015217648 0.18646232439336 0.944444444444444 0.676021151112433
0.532263044149425 0.463371349665015 0.454995871180843 0.331204767986378 0.277777777777778 0.48095428594775
0.315529484408763 0.189321331764949 0.0970390468326059 0.216266496381439 0.222222222222222 0.204058064087465
0.197792528558194 0.0914642254385527 0.316173174472101 0.393784589186889 0.166666666666667 0.23913938305219
0.456359987650507 0.737508310745154 0.39856081160788 0.252094508301405 0.0555555555555556 0.465050416191054
0.212565606668727 0.204725617552293 0.346655656482247 0.120263942103024 0.611111111111111 0.260594866628524
0.549521457239887 0.373461872858386 0.23397428335496 0.328165176670924 0.166666666666667 0.385579596430784
0.393331275084902 0.606520738505603 0.387047304470921 0.396551724137931 0.111111111111111 0.422852935169986
0.184316146958936 0.3491280110469 0.4822460776218 0.409323116219668 0.111111111111111 0.339689728965939
0.479160234640317 0.135800132971923 0.375439424324643 0.66409110259685 0.277777777777778 0.39540329052103
0.057579499845633 0.0393903748785371 0.258983130824584 0.357041294167731 0.0555555555555556 0.150565566581379
0.0211485026242697 0.303764128266763 0.439518697652472 0.0945764154959557 0.166666666666667 0.234914808741404
0.178758876196361 0.343563647522121 0.165506665093783 0.348454661558109 0.166666666666667 0.206534841989773
0.307795615930841 0.198445251368076 0.581172584640792 0.603231162196679 0.222222222222222 0.415823225387361
0.536786045075642 0.124139518232498 0.258464079273328 0.237335036185611 0.166666666666667 0.348510144322872
0.328851497375736 0.01800235258017 0.400613424560576 0.251383567475522 0.0555555555555556 0.307298590266669
0.69708243284964 0.311225898839053 0.438386221540639 0.368220519369945 0.5 0.519222812593311
0.615930842852729 0.0545184882115309 0.493098973693524 0.176049382716051 0.333333333333333 0.460798812216365
0.670577338684774 0.22346954431545 0.383980181668043 0.121115368241806 0.166666666666667 0.461384256743296
0.161778326644025 0.22123459315706 0.337737407101569 0.0762026394210317 0.222222222222222 0.237003991145721
0.0966347638159928 0.15997033703268 0.329479768786127 0.210302256279269 0.111111111111111 0.205179472456969
0.402902130287125 0.076438398199767 0.111832016043412 0.918050234142188 0.166666666666667 0.262944707271732
0.534732942266136 0.382166419475274 0.672879556446856 0.429544487015751 0.666666666666667 0.562104430882245
0.226613152207475 0.578990436250193 0.616727615901852 0.40825883354619 0.222222222222222 0.444862570292531
0.306190182154984 0.477670945634941 0.444095788604459 0.412515964240103 0.111111111111111 0.392453701505752
0.307070083359066 0.278484120083875 0.488238763713577 0.454022988505747 0.444444444444444 0.382792529627806
0.0931769064526076 0.119367871937811 0.310015335614015 0.397616006811409 0.166666666666667 0.199240047262183
0.441216424822471 0.314463253720657 0.297298572608235 0.220613026819924 0.166666666666667 0.353542011418668
0.196850879901202 0.574034674985938 0.423947151114781 0.42528735632184 0.111111111111111 0.355737484780854
0.678650818153753 0.46198025878382 0.543069482128111 0.521843337590464 0.333333333333333 0.584049070288926
0.112380364309974 0.353909885951005 0.397546301757697 0.435930183056621 0.166666666666667 0.279010938003428
0.280642173510347 0.0408684089398051 0.311784829538752 0.211770966368668 0.111111111111111 0.253850351214709
0.411238036431002 0.227944560936942 0.606157838858087 0.455087271179225 0.333333333333333 0.464209148026139
0.671194813213957 0.0431084744029078 0.200778577326884 0.520647083865474 0.166666666666667 0.381044583684579
0.556267366471135 0.288789444075079 0.363689984664385 0.438058748403577 0.277777777777778 0.433122208709342
0.610682309354736 0.250851531734261 0.0768432228382683 0.358024691358026 0.166666666666667 0.330122725831586
0.255634455078725 0.718662097887794 0.484251504069836 0.31843337590464 0.166666666666667 0.419724987219198
0.374652670577343 0.352007364598786 0.310015335614015 0.442315879097488 0.166666666666667 0.348701865126629
0.0493979623340514 0.130527284815629 0.500648814439071 0.324393358876119 0.111111111111111 0.256255900289135
0.531197900586602 0.0625530609113708 0.548543116668633 0.497658578118348 0.722222222222222 0.466401576920019
0.493917875887623 0.110208152201709 0.560693641618497 0.457215836526182 0.444444444444444 0.461497280663579
0.663707934547696 0.482780136040507 0.304659667335143 0.0562707535121342 0.666666666666667 0.462369713349963
0.435952454461251 0.606346852145452 0.480004718650465 0.326607066836953 0.166666666666667 0.473665947598892
0.76789132448286 0.42716718662098 0.487554559396013 0.456151553852704 0.722222222222222 0.588951446735983
0.33530410620562 0.623101314376311 0.582210687743305 0.429544487015751 0.666666666666667 0.482091468423054
0.408768138314291 0.552058507645887 0.301403798513625 0.233380161770967 0.111111111111111 0.37839411008411
0.188329731398584 0.37612642561244 0.873587354016751 0.485951468710089 0.611111111111111 0.506147422406021
0.500493979623337 0.546197514447912 0.553096614368291 0.405065985525757 0.222222222222222 0.523683009266171
0.164865699289909 0.829131079629726 0.417364633714757 0.439123031077053 0.166666666666667 0.379157234743957
0.169496758258719 0.208796604101674 0.429397192402973 0.471051511281397 0.333333333333333 0.294652876277032
0.568694041370798 0.148396665473329 0.538091305886516 0.432737335036186 0.5 0.486794238448601
0.163507255325722 0.246816345317856 0.212740356258111 0.641975308641976 0.166666666666667 0.219532369121432
0.209632602655139 0.118554697488879 0.441547717352837 0.276943380161772 0.277777777777778 0.292404468098316
0.378203149120094 0.141952641538383 0.297864810664151 0.239037888463176 0.111111111111111 0.303714329741276
0.0530564989194151 0.402756610238839 0.476041052259053 0.0843593018305663 0.166666666666667 0.276609864007482
0.345291756715037 0.571881552702912 0.511430930753804 0.445508727117923 0.333333333333333 0.450819838573873
0.287897499228155 0.216432261034115 0.469151822578743 0.141123882503194 0.444444444444444 0.342622332670868
0.088607594936707 0.314089909476808 0.101215052494986 0.433801617709664 0.0555555555555556 0.144567468298427
0.419265205310278 0.250002557152358 0.438834493334907 0.381226053639848 0.222222222222222 0.399909748169279
0.420515591231861 0.492287628496906 0.417836498761355 0.125159642401022 0.111111111111111 0.415473773792747
0.619172584130909 0.170792205799623 0.104164209036216 0.5 0.166666666666667 0.339568972766655
0.359864155603582 0.363023576944715 0.225197593488263 0.335121328224777 0.277777777777778 0.305078076317534
0.306004939796234 0.147742034470415 0.438905273091896 0.359540229885057 0.0555555555555556 0.338319785765164
0.0784964495214592 0.523218943384647 0.511501710510793 0.201575138356747 0.166666666666667 0.324848494993789
0.60944736029639 0.129708996061987 0.674413117848296 0.274201787994893 0.444444444444444 0.547080402304492
0.437171966656379 0.327786017490922 0.505674177185325 0.391460195828013 0.611111111111111 0.446020645104615
0.440876813831425 0.184585485603233 0.449994101686917 0.13984674329502 0.166666666666667 0.391223371527147
0.0921580734794678 0.504541502582724 0.448625693051787 0.178373776074927 0.0555555555555556 0.301132825273479
0.321704229700521 0.454610545696315 0.286256930517872 0.229054916985952 0.111111111111111 0.322747843571181
0.200833590614385 0.260880683271112 0.488616255750855 0.4557343550447 0.833333333333333 0.337956500573992
0.386539055263972 0.259233877154402 0.469859620148637 0.146445295870583 0.277777777777778 0.388978114043765
0.394288360605121 0.825126579041579 0.440132122213047 0.246487867177524 0.111111111111111 0.469755923391614
0.563136770608213 0.479200122743315 0.164327002477292 0.210259684972329 0.166666666666667 0.373021575276746
0.376288978079656 0.341947527233673 0.433290079037395 0.40825883354619 0.388888888888889 0.395612778853137
0.166239580117322 0.0112514703626037 0.355786245133892 0.0851426138782471 0.111111111111111 0.215069263526819
0.372970052485338 0.249066639390377 0.48507726790138 0.411451681566625 0.222222222222222 0.40133208195192
0.407425131213333 0.717071549122895 0.423947151114781 0.308871860366114 0.166666666666667 0.455455988136107
0.526088298857677 0.0396512044187606 0.267854193700601 0.172111536824181 0.166666666666667 0.332122247959752
0.28913244828651 0.746238428885591 0.709567063819748 0.408471690080885 0.388888888888889 0.532107086936293
0.275393640012354 0.00891423311000982 0.143564940427037 0.497279693486591 0.111111111111111 0.193696883479442
0.67631985180611 0.335789904362504 1 0.305023414218816 0.944444444444444 0.736771151936558
0.300972522383456 0.141737840740553 0.419841925209391 0.439123031077053 0.166666666666667 0.331724427221673
0.321549861068235 0.111215670229632 0.220478943022296 0.426138782460623 0.222222222222222 0.254751245525575
0.458166100648353 0.569124942464072 0.496637961542999 0.343124733929332 0.166666666666667 0.484468706228162
0.234022846557578 0.547578376719685 0.506783060044827 0.405065985525757 0.0555555555555556 0.398857250423359
0.79901204075332 0.475016621490308 0.416184971098265 0.633120476798639 0.611111111111111 0.588714880833276
0.15564989194196 0.140863294635096 0.399669694467383 0.0925925925925929 0 0.248198713598074
0.169435010805809 0.542648186978983 0.265400495458299 0.269148573861219 0.111111111111111 0.268712456299351
0.528866934238959 0.139830205083619 0.31780110888286 0.432737335036186 0.166666666666667 0.381224192662713
0.761485026242669 0.390610136551935 0.125752034918013 0.66070668369519 0.166666666666667 0.445954188005042
0.828527323247912 0.356507952743827 0.285407573433997 0 0.444444444444444 0.498804391956179
0.393053411546776 0.415245742341327 0.559372419488027 0.708437633035334 0.222222222222222 0.478795361039079
0.593902439024388 0.328046847031146 0.301285832251976 0.342273307790549 0.166666666666667 0.424224404498137
0.367474529175674 0.40032220119675 0.121009791199717 0.40051085568327 0.166666666666667 0.275151644272135
0.361469589379439 0.401539405717795 0.343918839211985 0.602252022137079 0.388888888888889 0.372405059026934
0.361840074096941 0.0926660870454662 0.436074082812316 0.395487441464453 0.0555555555555556 0.353041898368753
0.233405372028406 0.247302204265332 0.236522354606583 0.451042997020008 0.166666666666667 0.247566427805565
0.207795615930838 0.364460696568303 0.456647398843931 0.13260962111537 0.166666666666667 0.327319884207448
0.39950602037666 0.265151127704191 0.435649404270379 0.332907620263943 0.111111111111111 0.390598943189064
0.225270145106517 0.0433693039431315 0.466226259289843 0.318901660280972 0.444444444444444 0.299396666061124
0.421611608521149 0.302408837518539 0.188109000825764 0.20702852277565 0.166666666666667 0.299425365351541
0.130904600185246 0.441737840740551 0.347764539341748 0.0804597701149427 0.277777777777778 0.261881256252666
0.50447669033652 0.440034777272031 0.426495222366403 0.399744572158366 0.111111111111111 0.458341181735061
0.12440568076567 0.349936071191124 0.614840155715465 0.416773094934014 0.5 0.369443547510842
0.331630132757028 0.175507594742495 0.427863631001533 0.345610898254576 0.333333333333333 0.347585939528483
0.637418956468046 0.146274229018565 0.147339860799811 0.153895274584931 0.166666666666667 0.343286839894401
0.252562519296079 0.420426533012839 0.407809366521175 0.343363133248192 0.111111111111111 0.344469591058229
0.15571163939488 0.658154758860535 0.449239117612363 0.249467858663261 0.5 0.353279065268647
0.455078728002469 0.154584974172764 0.459242656600212 0.444444444444445 0.111111111111111 0.411281181986184
0.758258721827727 0.383010279752469 0.327356376076443 0.378884631758196 0.277777777777778 0.510383821254244
0.471364618709474 0.720702705467193 0.480335024183084 0.393839931885909 0.222222222222222 0.508393369180462
0.143254090768752 0.122073339129546 0.612032558688215 0.422094508301405 0.277777777777778 0.342034878839179
0.201142327878976 0.414453025111239 0.141913412763949 0.509791400595998 0.222222222222222 0.224642883728885
0.197036122259953 0.597033703268039 0.328064173646337 0.236057896977437 0.166666666666667 0.311365213938602
0.288360605125042 0.441159924308293 0.60139200188746 0.232652192422308 0.222222222222222 0.434024499244304
0.266748996603895 0.382544878023833 0.168196295859384 0.84078331204768 0.166666666666667 0.273098643237944
0.391787588761965 0.298163964609012 0.229680311430931 0.189016602809708 0.0555555555555556 0.302657808645801
0.282587218277251 0.278688692272287 0.38733042349888 0.286219667943807 0 0.324207063159539
0.265498610682312 0.358052472766328 0.449805355668279 0.342494678586633 0.333333333333333 0.357114562739373
0.507564062982404 0.358205901907638 0.419275687153475 0.451894423158791 0.166666666666667 0.447036243876797
0.147885149737573 0.0840024548662621 0.606818449923321 0.204555129842486 0.111111111111111 0.325272185114286
0.79901204075332 0.561652943282363 0.401557154653769 0.502767134951044 0.611111111111111 0.58931481437909
0.250710095708551 0.718738812458445 0.394125280169872 0.444444444444445 0.111111111111111 0.387883211886565
0.105850571163942 0.340904209072779 0.189807714993512 0.44763729246488 0.111111111111111 0.191697126914561
0.187897499228162 0.455807292998516 0.402241358971335 0.261255853554704 0 0.317607475695308
0.148193887002164 0.617163606607682 0.436829066886871 0.464665815240528 0.5 0.349877650981439
0.286554492127196 0.24280161612029 0.457543942432464 0.216475095785441 0.111111111111111 0.345122757506606
0.528048780487808 0.162082544878025 0.20849357083874 0.266709237973607 0.222222222222222 0.332108373321937
0.334053720284037 0.735539303431697 0.418851008611537 0.203614303959132 0.166666666666667 0.421623519093983
0.455927755480085 0.526712013501765 0.418756635602217 0.363925074499788 0.166666666666667 0.447021628708493
0.441972831120713 0.112964762440546 0.156069364161849 0.397616006811409 0.166666666666667 0.27585998562817
0.432371102192034 0.550406587224468 0.452872478471157 0.406130268199233 0.111111111111111 0.456942202929291
0.393331275084902 0.385056001636577 0.327568715347411 0.385751383567476 0.333333333333333 0.365333068298996
0.42185859833282 0.45602720810106 0.182729739294561 0.241166453810132 0.0555555555555556 0.322038637489535
0.268138314294536 0.247828977650488 0.472218945381621 0.320987654320988 0.166666666666667 0.34960687493043
0.315220747144182 0.296808673860788 0.727262003067123 0.460408684546617 0.944444444444444 0.485000944717132
0.246989811670267 0.264307267426993 0.215760292556329 0.302043422733079 0.166666666666667 0.23979075283877
0.553334362457546 0.190226563698668 0.375557390586292 0.760319284802043 0.444444444444444 0.438011134361331
0.142482247607283 0.264383981997648 0.458676418544296 0.450830140485312 0.111111111111111 0.302914135877826
0.649891941957391 0.344709251777223 0.264008493570839 0.29033631332482 0.222222222222222 0.431542963422071
0.354908922506943 0.228609420549277 0.272384098147929 0.134738186462324 0.111111111111111 0.291954245110014
0.168941031182467 0.192768373139674 0.10357437772797 0.578544061302682 0.166666666666667 0.166666666666617
0.159740660697746 0.448289265074414 0.550194644331721 0.414644529587059 0.388888888888889 0.372226936889018
0.257949984563141 0.0697284304198849 0.0906688687035508 0.442979991485739 0.166666666666667 0.171899068627655
0.149583204692805 0.36255306091137 0.0667453108410995 0.559812686249468 0.166666666666667 0.168616938034988
0.70762581043532 0.43631667774766 0.0956706381974756 0.380587484035761 0.0555555555555556 0.405263037141942
0.345476999073788 0.077814146166831 0.182588179780583 0.220732226479354 0.166666666666667 0.233889663127975
0.347097869712873 0.49195519869074 0.402430104989973 0.10565772669221 0 0.378943093646257
0.372985489348566 0.258599703370329 0.307302111596084 0.207747977862921 0.111111111111111 0.32130329139236
0.140166718122878 0.443001074003989 0.572254335260116 0.262452107279694 0.222222222222222 0.364891782591428
0.0645260882988592 0.352007364598786 0.0628288309543471 0.119838229033632 0.166666666666667 0.109590938422886
0.0784192652053114 0.720042960159566 0.539105815736699 0.320136228182206 0.222222222222222 0.371228221443729
0.271256560666875 0.450324758349104 0.48661082930282 0.417837377607492 0.222222222222222 0.391730094784734
0.687712256869406 0.849214954226971 0.960599268609177 0.373988931460196 0.833333333333333 0.805730214753509
0.448286508181538 0.281506674167648 0.5602217765719 0.39923797360579 0.166666666666667 0.465810833263196
0.445646804569314 0.522395540326292 0.443199245015925 0.444444444444445 0.111111111111111 0.456082780604947
0.532263044149425 0.74730220426533 0.512563406865636 0.432737335036186 0.166666666666667 0.55156518438343
0.242389626427911 0.396573415844117 0.109118792025481 0.455087271179225 0.166666666666667 0.222567078200455
0.18352886693424 0.458241702040609 0.427203019936299 0.419965942954449 0.166666666666667 0.334140068194447
0.327261500463106 0.560701682606251 0.651291730565059 0.810127713920818 0.833333333333333 0.516203845787547
0.316146958937946 0.583143251674934 0.528842750973221 0.433801617709664 0.0555555555555556 0.447263850710287
0.248857672121022 0.0489336674679111 0.121859148283591 0.355044699872287 0.166666666666667 0.173293506473822
0.356591540598948 0.468183910397382 0.224961660964964 0.38739889314602 0.166666666666667 0.322004729316017
0.337141092929921 0.538188513271622 0.457827061460423 0.387169008088548 0.166666666666667 0.418115867061777
0.477307811052799 0.500281286759065 0.429232039636664 0.415708812260538 0.111111111111111 0.45838999263483
0.433343624575492 0.123065514243338 0.254453226377256 0.294299702000852 0.111111111111111 0.308251789773275
0.103735720901515 0.503206669053344 0.480004718650465 0.10387398893146 0.166666666666667 0.314439302101092
0.188329731398584 0.527387101723523 0.206983602689631 0.875478927203065 0.111111111111111 0.280720328576946
0.10725532571781 0.250851531734261 0.248083048248201 0.410387398893146 0.166666666666667 0.200316503517446
0.260574251312137 0.0531887689868561 0.467169989383036 0.143912303107705 0.166666666666667 0.306637714925276
0.325748687866624 0.522272797013248 0.304824820101451 0.410387398893146 0.166666666666667 0.350957003580669
0.473880827415868 0.186360149337699 0.442019582399433 0.370536398467433 0.444444444444444 0.412956034336628
0.290460018524241 0.132511635043217 0.135094962840628 0.593401447424436 0.166666666666667 0.21958576927593
0.14294535350417 0.252007364598786 0.409696826707561 0.170072371221796 0.277777777777778 0.267624125990566
0.547699907378824 0.131192144427964 0.54616019818332 0.440187313750532 0.222222222222222 0.479442399935312
0.110605125038593 0.362880376412826 0.490503715937241 0.335461898680291 0.222222222222222 0.311936487953167
0.532571781414016 0.42882933565182 0.446856199127049 0.439123031077053 0.166666666666667 0.47801762170713
0.530256251929611 0.491586968751599 0.208918249380677 0.0706683695189447 0.5 0.372680570010075
0.178527323247917 0.479200122743315 0.139200188746019 0.145806726266496 0.166666666666667 0.206086606184019
0.561160852114854 0.492226256840382 0.514686799575321 0.436994465730099 0.388888888888889 0.5260266838617
0.266995986415556 0.16028230962001 0.518508906452755 0.297688378033206 0.166666666666667 0.353469422372112
0.1852423587527 0.217347721577252 0.573669930399905 0.424780757769263 0.5 0.357799842748284
0.19419573942575 0.00613716565233308 0.386197947387047 0.218275862068966 0.222222222222222 0.244299767471926
0.562256869404141 0.170991663683322 0.143093075380441 0.827586206896551 0.166666666666667 0.348784310385691
0.14847175054029 0.219122385311719 0.384923911761236 0.320136228182206 0.0555555555555556 0.262444216845542
0.443408459401047 0.100895003324301 0.287719712162321 0.44763729246488 0.111111111111111 0.329935122448689
0.553874652670581 0.331923490001536 0.0963784357673705 0.506172839506174 0.166666666666667 0.33476412427381
0.322321704229704 0.466869534086842 0.278990208800283 0.205406555981269 0.166666666666667 0.320735471190774
0.283683235566528 0.514089909476807 0.233219299280405 0.410387398893146 0.166666666666667 0.304201146782119
0.622908305032421 0.449833785096915 0.169635484251504 0.135802469135802 0.166666666666667 0.390931601834187
0.613754245137392 1 0.627344579450277 0.41890166028097 0.444444444444444 0.667271333793904
0.372800246989815 0.00787602925382465 0.186740592190633 0.101319710515113 0.166666666666667 0.230068204711766
0.431799938252545 0.0264920983992239 0.2325822814675 0.237335036185611 0.333333333333333 0.2815828844514
0.318863846866318 0.163499207282769 0.564822460776217 0.210034057045551 0.388888888888889 0.388888888888909
0.255171349181848 0.22826676213369 0.23694703314852 0.39229459344402 0.166666666666667 0.250661244910117
0.648039518369863 0.418866670076203 0.122850064881444 0.370276713495104 0.166666666666667 0.389240425855715
0.149799320778021 0.208254487802383 0.361566591954701 0.333759046402725 0.222222222222222 0.252656551444695
0.662704538437794 0.382120390732881 0.517046124808305 0.186096211153682 0.333333333333333 0.538584529939453
0.534285273232476 0.178110775840025 0.307420077857733 0.407194550872711 0.166666666666667 0.383677501156038
0.508274158690952 0.353142740244466 0.0817506193228737 0.111323967645806 0.0555555555555556 0.294199660297196
0.17412781722754 0.300184114969571 0.443199245015925 0.101319710515113 0.166666666666667 0.297304847721694
0.30087990120408 0.24041323582059 0.473257048484133 0.159621115368241 0.111111111111111 0.353962607171018
0.526088298857677 0.443660819311615 0.176123628642208 0.437654320987654 0.111111111111111 0.36895692028407
0.297653596789128 0.46033856697182 0.289937477881325 0.365687526607067 0.111111111111111 0.32227365589276
