0.16098305602198 0.0990158881355376 0.398010561218225 0.222466520087947 0.222222222222222 0.0678557765253463
0.681727980461 0.0785577062005989 0.32678374063613 0.452328602838296 0.166666666666667 0.234264558254409
0.26576095252633 0.414049414295575 0.436816897949159 0.47231661003398 0.111111111111111 0.123257873304167
0.02717142421004 0.610374112346082 0.421466290065086 0.429342394563263 0.0555555555555556 0.0579524738431436
0.57994199358876 0.996757086515154 0.701584182733637 0.497301619028582 0.666666666666667 0.438781791687221
0.30867043199512 0.264078043977331 0.492668549674567 0.210853487907255 0.111111111111111 0.149120961537579
0.1734086399023 0.521589990849206 0.122559253346433 0.173495902458525 0.166666666666667 0.0307996657598984
0.69226072355366 0.418244866724818 0.121061034016947 0.689110533679792 0.222222222222222 0.178787672292934
0.60844145931919 0.140472737586223 0.276679356502517 0.260443733759745 0.166666666666667 0.185193249599739
0.46199053579606 0.563646190646924 0.435932702935036 0.402702378572857 0.166666666666667 0.209478870215317
0.11581437948405 0.369226570485208 0.197593024683778 0.481311213272037 0.111111111111111 0.0286888647331446
0.09357350022897 0.308536996505572 0.580007368291785 0.388766739956025 0.333333333333333 0.103511094090399
0.36373072813311 0.315418822811704 0.419747021982071 0.2884269438337 0.0555555555555556 0.148141197318445
0.49091741718822 0.439634182234614 0.316590937001105 0.364781131321208 0.166666666666667 0.168882717123818
0.21262402686613 0.206481545895786 0.127446886896721 0.484309414351388 0.111111111111111 0.0305819022683751
0.77023355212945 0.655047118569695 0.845314994473782 0.539276434139516 1 0.632130678170713
0.5584948862769 0.340366781007017 0.107699864914651 0.652672396562063 0.222222222222222 0.119528817272298
0.41535643413219 0.590167443503203 0.313766425150436 0.280115930441735 0.111111111111111 0.146752263045554
0.47725538085788 0.766627958623421 0.500036841458922 0.430793523885669 0.222222222222222 0.257544131853891
0.24194779422989 0.2712863021689 0.246223750460519 0.484509294423345 0.166666666666667 0.0604542269770165
0.16686002137078 0.377301746143018 0.519194400098244 0.439336398161104 0.111111111111111 0.112862778383699
0.44420699129904 0 0.111998035122191 0.180491704977014 0.0555555555555556 0.0715956213888119
0.32376736376126 0.380271741166273 0.189586147611446 0.182146711972816 0.0555555555555556 0.0723261002297971
0.25905968554419 0.764573043147872 0.410291047525483 0.478313012192684 0.111111111111111 0.130100709749422
0.59120744924439 0.401404192241626 0.497482500307013 0.475314811113331 0.444444444444444 0.288220581715656
0.22051595176309 0.228636103366531 0.463588358098981 0.25573855686588 0.166666666666667 0.107307176813082
0.69775606777591 0.0812975935013292 0.327520569814565 0.482310613631822 0.333333333333333 0.242465276195557
0.32608762021065 0.171847657985007 0.40685251135945 0.370377773335998 0.0555555555555556 0.122974611533063
0.56209738971149 0.391878802797681 0.303205206926194 0.434339396362182 0.166666666666667 0.190759506306691
0.45443443749046 0.128571352123679 0.546850055262189 0.503298021187288 0.5 0.222894887298157
0.50499160433522 0.825765643311627 0.609480535429204 0.642214671197282 0.166666666666667 0.328580175196142
0.21004426805068 0.446184225312922 0.147734250276311 0.539676194283429 0.222222222222222 0.0397091938441017
0.39909937414135 0.261825128833567 0.257521797863196 0.408958624825106 0.277777777777778 0.107233357227145
0.08945199206228 0.101985883158792 0.485545867616357 0.175294823106137 0.166666666666667 0.0696239855185972
0.09795451076172 0.536734289796596 0.458921773302224 0.187487507495502 0.111111111111111 0.0822585545799269
0.46508929934361 0.501174619653338 0.594424659216505 0.313679792124726 0.277777777777778 0.274867850553103
0.01785986872233 0.214749369879436 0.502885914282206 0.480311812912253 0.0555555555555556 0.0596024205704856
0.31550908258281 0.220164928372281 0.605010438413361 0.627419548271037 0.222222222222222 0.189809298720359
0.53778049152801 0.461226848755011 0.465184821318924 0.473316010393763 0.166666666666667 0.250618049550679
0.29201648603267 0.449004382749413 0.130492447500921 0.0905456725964412 0.0555555555555556 0.053934173661
0.71546328804763 0.385569570126668 0.547341274714478 0.835698580851488 0.777777777777778 0.38281314196784
0.123950541902 0.624474899528549 0.41544885177453 0.287027783330002 0.0555555555555556 0.0821908218554949
0.2692108075103 0.507697906019727 0.291072086454624 0.326404157505496 0.111111111111111 0.0873079059542156
0.61379941993589 0.148242886728136 0.702075402185928 0.318448930641616 0.444444444444444 0.384266496518993
0.18534574874065 0.193574108065006 0.322117155839371 0.308814711173296 0.166666666666667 0.0604388409586817
0.77047778965043 0.459487662480133 0.507552499078964 0.48930641615031 0.722222222222222 0.401349811581537
0.0963211723401001 0.140900844976961 0.265479552990298 0.230617629422347 0.166666666666667 0.0301202260816212
0.18064417646161 0.307466728028726 0.0914896229890704 0.385368778732761 0.166666666666667 0.0226382091095517
0.1786902762937 0.0823625106357929 0.493110647181629 0.307027783330002 0.111111111111111 0.0959145995299301
0.15280109906884 0.140253332548469 0.637136190593147 0.457325604637218 0.277777777777778 0.132581244616355
0.73472752251565 0.505557369066029 0.25248679847722 0.283278033180092 0.166666666666667 0.257467387257468
0.63344527553045 0.552242480026116 0.549551762249785 0.448331001399161 0.444444444444444 0.349289668209714
0.11372309571058 0.539051421048971 0.499692987842318 0.158504897061763 0.166666666666667 0.0977117041098498
0.6742482063807 0.246349046658352 0.39972982930124 0.174695182890267 0.166666666666667 0.274608668529737
0.63883376583728 0.339842349453362 0.323959228785461 0.464321407155706 0.166666666666667 0.23035944474302
0.0414593191879099 0.11468996997897 0.437553727127594 0.176494103537876 0.0555555555555556 0.0484523779356039
0.59398565104564 0.838855026783467 0.488272135576569 0.508295022986208 0.444444444444444 0.319008390922965
0.29558845977713 0.544552601019968 0.0792091366818127 0.437337597441535 0.166666666666667 0.04761708174663
0.17539306976034 0.252540549796916 0.549797371975931 0.391049370377773 0.111111111111111 0.118903683049324
0.21843993283468 0.136571608988116 0.459658602480659 0.32102338596842 0.277777777777778 0.101373283035417
0.49961837887345 0.266207878246258 0.354169225101314 0.414951029382371 0.277777777777778 0.176030378841668
0.37907189742024 0.360948043816792 0.198575463588358 0.227263641814912 0.222222222222222 0.0892368798484436
0.59277972828576 0.410763690071654 0.00159646321994352 0.359984009594243 0.166666666666667 0.103063761751114
0.4849641276141 0.154616335507762 0.390838757214785 0.684569258444933 0.277777777777778 0.176910249756039
0.390123645245 0.553703396497012 0.452044700970158 0.193883669798122 0.111111111111111 0.183783952781242
0.40390780033583 0.545467680567672 0.425273240820336 0.87333200079952 0.444444444444444 0.179077420227773
0.29314608456724 0.271537815260959 0.620901387694953 0.470317809314412 0.666666666666667 0.189423511204988
0.47841550908258 0.139247280180235 0.472184698514061 0.305816510093943 0.5 0.204257851089347
0.37452297359182 0.431398466305275 0.12597322853985 0.437057765340796 0.166666666666667 0.0726896685951722
0.10517478247596 0.312122395903013 0.474149576323222 0.429342394563263 0.0555555555555556 0.0791359847522561
0.53036177682797 0.16409891421263 0.496303573621516 0.44171497101739 0.5 0.239911301894547
0.35437337811021 0.52727846780365 0.418936509885792 0.160179892064761 0 0.155835620476471
0.32285147305755 0.323087296448313 0.757091980842442 0.493304017589447 0.944444444444444 0.263286959577131
0.15927339337506 0.230428803065247 0.376396905317451 0.374375374775135 0.222222222222222 0.0672770174727057
0.61379941993589 0.13367118141586 0.203782389782635 0.412152708374974 0.166666666666667 0.160450896279829
0.15796061669974 0.241800405631753 0.400712268205821 0.361583050169898 0.0555555555555556 0.072997844528441
0.17282857578996 0.270777924642397 0.221466290065087 0.66380171896862 0.166666666666667 0.0403979684154707
1 0.412315579363084 0.545204470097016 0.236058364981012 0.944444444444444 0.577020056023499
0.28865822011907 0.0552847181715524 0.324573253100823 0.259824105536678 0.111111111111111 0.0829788056492981
0.44588612425584 0.338097811836101 0.260935773056614 0.257857285628624 0.111111111111111 0.127672682054502
0.56556250954053 0.412331633390237 0.310327888984403 0.427343593843694 0.111111111111111 0.196263776404121
0.36376125782323 0.502405428401715 0.234188873879406 0.424745152908255 0.166666666666667 0.100296851409937
0.36650892993436 0.1788097544269 0.465307626181997 0.310373775734559 0.0555555555555556 0.157337481124306
0.36040299190963 0.110911922255699 0.527446886896722 0.351988806715971 0.111111111111111 0.173161373581408
0.24315371698977 0.289186542444173 0.20299643865897 0.482710373775735 0.222222222222222 0.0523411371539363
0.27516409708441 0.180233211501106 0.539776495149208 0.340503697781331 0.166666666666667 0.147802432003709
0.61399786292169 0.229395993985089 0.113348888615989 0.173495902458525 0.111111111111111 0.135232668398267
0.6656540986109 0.394998635407691 0.146604445536043 0.252848291025384 0.277777777777778 0.175820157445374
0.88737597313387 0.434925000936486 0.507061279626673 0.365180891465122 0.722222222222222 0.474844745013032
0.32987330178599 0.501030133408967 0.290433501166646 0.253847691385169 0.166666666666667 0.105347375833144
0.20921996641734 0.58790382567467 0.543043104506939 0.230661603038176 0.222222222222222 0.14590484220377
0.79392459166539 0.660601811964533 0.819771582954686 0.527283629822106 1 0.633485315919945
0.35942604182568 1 0.674567112857669 0.507295622626424 0.555555555555556 0.294115914781841
0.22454587085941 0.70830367797762 0.559032297678988 0.437337597441535 0.166666666666667 0.163980489391232
0.50022897267593 0.197812371233325 0.576519710180523 0.416226264241455 0.333333333333333 0.262644310809175
0.70538849030682 0.491574311416021 0.399484219575095 0.694183489906057 0.333333333333333 0.30958499402034
0.56095252633186 0.291327079397867 0.317327766179541 0.461323206076355 0.166666666666667 0.189527222393847
0.11616547092047 0.0681653992904131 0.323050472798723 0.29342394563262 0.111111111111111 0.0413900537082644
0.27801862311098 0.0986359428262587 0.181628392484343 0.466320207875275 0.111111111111111 0.0498336652281171
0.12874370325141 0.36435684891555 0.441237873019771 0.20407755346792 0.166666666666667 0.079603714549412
0.22149290184705 0.143121652066423 0.426943386958124 0.220759544273435 0.111111111111111 0.0936475501112443
0.46679896199054 0.640753683061397 0.434508166523395 0.482310613631822 0.333333333333333 0.216063356574534
0.16867653793314 0.222433897543197 0.280363502394694 0.384369378372976 0.222222222222222 0.0490048604211666
0.29450465577774 0.266577120870771 0.4763109419133 0.264241455126923 0.111111111111111 0.138534386385512
0.54410013738361 0.0350245359048317 0.321380326660936 0.470317809314412 0.166666666666667 0.168835232256104
0.17111891314303 0.244010510036441 0.35159032297679 0.132520487707376 0.222222222222222 0.0651716325145624
0.23523126240269 0.618347612498596 0.642023824143436 0.444333399960024 0.222222222222222 0.193833602104949
0.33991756983667 0.858676398974684 0.492938720373327 0.39036578053168 0.888888888888889 0.196482763563024
0.26200580064112 0.662442673744708 0.615620778582833 0.38157105736558 0.333333333333333 0.19798427115773
0.25003816211265 0.371313594015059 0.341888738794056 0.214471317209674 0.277777777777778 0.0892615402864678
0.82521752404213 0.24226597241918 0.419132997666708 0.966288227063761 0.5 0.367852080907559
0.43813158296443 0.0402420947294627 0.242122068033894 0.283829702178692 0.333333333333333 0.105242261101982
0.0452755304533699 0.532822458513718 0.519341765933932 0.475314811113331 0.111111111111111 0.0824217006890227
0.17820180125172 0.21422493832578 0.107822669777723 0.604237457525484 0.166666666666667 0.0224666472396014
0.18667379026103 0.542139145604675 0.498219329485448 0.311413152108735 0.666666666666667 0.121134389975436
0.14974813005648 0.47605541850173 0.595726390765075 0.307415550669598 0.222222222222222 0.135405061025965
0.09845825064876 0.498670191417519 0.438388800196488 0.208474915050969 0.111111111111111 0.0758427359921346
0.29293237673638 0.137454580481514 0.389266854967456 0.180291824905057 0 0.10514243757782
0.47208059838193 0.859211533213105 0.600515780424905 0.45332800319808 0.222222222222222 0.308517285237601
0.44017707220272 0.346205095548217 0.12243644848336 0.199880071956826 0.166666666666667 0.0866676571794135
0.57350022897268 0.167796691800137 0.560162102419256 0.467319608235059 0.5 0.290804975773132
0.26621889787819 0.0854823432458022 0.0943878177575833 0.476937837297622 0.166666666666667 0.0317867392990678
0.0331247137841601 0.545606815469661 0.303008719145278 0.290425744553269 0.166666666666667 0.0350554166126574
0.42830102274462 0.489685287554383 0.190224732899422 0.287427543473916 0.0555555555555556 0.107775888791236
0.62958326972981 0.16171221550926 0.415203242048386 0.413363981611033 0.222222222222222 0.252924769912884
0.24515341169287 0.503229535128888 0.225101314012035 0.255990405756545 0.111111111111111 0.0647345273950925
0.21996641734086 0.0481620814581351 0.671742601007 0.282490505696582 0.222222222222222 0.164732298192389
0.46420393833003 0.608024873039401 0.517008473535552 0.383170097941235 0.166666666666667 0.24741043765431
0.65626621889788 0.348099470752237 0.48213189242294 0.17296022386568 0.222222222222222 0.311819906519146
0.29583269729812 0.238985599537645 0.488394940439642 0.193483909654208 0.444444444444444 0.141540372027495
0.36446344069608 0.70785951655973 0.561709443693971 0.4773136118329 0.0555555555555556 0.225541766953301
0.25405281636391 0.33083604022069 0.45351835932703 0.459324405356786 0.222222222222222 0.120280792551753
0.2378262860632 0.731919151919261 0.453027139874739 0.307415550669598 0.166666666666667 0.134460122153087
0.38166692108075 0.292937833455521 0.739653690286136 0.624225464721167 0.944444444444444 0.283339377483615
0.0757136315066401 0.824593699329475 0.381210855949895 0.470317809314412 0 0.0686266326336624
0.55324377957564 0.476895579256057 0.497286012526097 0.444333399960024 0.222222222222222 0.273931478739902
0.53747519462677 0.794460290363837 0.53358713005035 0.467319608235059 0.166666666666667 0.30664673723257
0.38794077240116 0.367647924481855 0.475475868844406 0.431341195282829 0.166666666666667 0.180515325718519
0.5435811326515 0.160106812793988 0.382168733881862 0.200479712172696 0.166666666666667 0.198939662117787
0.53747519462677 0.497369815218149 0.473658356870933 0.371976813911653 0.277777777777778 0.256754357316366
0.04762631659289 0.233157987681212 0.443693970281224 0.469318408954627 0.111111111111111 0.0548185863270518
0.76095252633186 0.41328417233463 0.340783495026404 0.416749950029982 0.277777777777778 0.305299152015391
0.1222714089452 0.382835034168321 0.413852388554587 0.470317809314412 0.166666666666667 0.0719595670878428
0.21920317508777 0.69341089212229 0.527201277170577 0.450329802118729 0.388888888888889 0.150023808558002
0.05205312166082 0.198186965200221 0.161734004666585 0.414411353188086 0.0555555555555556 0.0121733910617105
0.20973897114944 0.28549411619905 0.508657742846616 0.488914651209275 0.833333333333333 0.119716900276493
0.6584185620516 0.365518090212931 0.571411027876704 0.490305816510094 0.611111111111111 0.359760783604465
0.61379941993589 0.539736392874152 0.152695566744443 0.409154507295624 0.111111111111111 0.165323485438909
0.0408945199206199 0.592992952282081 0.313668181259978 0.41754947031781 0.166666666666667 0.0396166350839591
0.42340100747977 0.38826129534594 0.282033648532482 0.23583449930042 0.222222222222222 0.128885799901397
0.2378262860632 0.393639394442096 0.128650374554832 0.188486907855286 0.166666666666667 0.0403605559108215
0.66745535032819 0.517678159566328 0.31715583937124 0.113803717769339 0.666666666666667 0.253514199706011
0.53762784307739 0.0553221775682411 0.20299643865897 0.296022386568059 0.277777777777778 0.127639552581779
0.26698214013128 0.676730757910622 0.448237750214908 0.26444133519888 0.111111111111111 0.140676869683557
0.5510609067318 0.423885181597804 0.467272503991158 0.443333999600239 0.166666666666667 0.25548131053002
0.51949320714395 0.238653816309821 0.384256416554096 0.483310013991606 0.388888888888889 0.194119049959949
0.65196153259044 0.450802433790516 0.127888984403782 0.408666799920047 0.166666666666667 0.166692306382207
0.62217981987483 0.623875549181512 0.388431781898564 0.208474915050969 0.444444444444444 0.27028575303556
0.38726911921844 0.581236053063913 0.40537885300258 0.430341794923047 0.111111111111111 0.167099507464151
0.3757288963517 0.810203939658264 0.63116787424782 0.426260243853688 0.222222222222222 0.268372889085464
0.38323920012212 0.37031824433159 0.451062262065577 0.444333399960024 0.388888888888889 0.169784525485381
0.57727064570295 0.488176209002029 0.541937860739286 0.486308215070957 0.555555555555556 0.308641975308758
0.34271103648298 0.66450294056264 0.6060911212084 0.464321407155706 0.666666666666667 0.230997785039178
0.56525721263929 0.274657647870969 0.269311064718164 0.122326604037576 0.166666666666667 0.172441950088493
0.65464814532132 0.0061005303180294 0.12194522903107 0.282830301818908 0.111111111111111 0.141281748101926
0.76414287894978 0.421236267117604 0.130909984035368 0.68139116530082 0.166666666666667 0.214106189711625
0.29491680659441 0.287554383016978 0.49910352449957 0.305024985008994 0.111111111111111 0.147347477684251
0.20317508777286 0.0189437520402014 0.402038560727004 0.265932440535678 0.222222222222222 0.0769543968207962
0.19517630896046 0.504690451599784 0.366081296819354 0.48930641615031 0.222222222222222 0.0850968460761399
0.37643107922455 0.333153171473065 0.24818862826968 0.445332800319808 0.111111111111111 0.100626887481276
0.19340558693329 0.377831529039061 0.502026280240698 0.445332800319808 0.111111111111111 0.116638515724255
0.20804457334758 0.435299594903382 0.331695935159033 0.259044573256047 0.5 0.0773521201002192
0.31222714089452 0.25230509073201 0.493921159277907 0.198480911453127 0.111111111111111 0.150261849906753
0.54588612425584 0.215814287013899 0.2091366818126 0.180435738556867 0.111111111111111 0.140813487970631
0.73675774690887 0.496925653800258 0.0943878177575833 0.401359184489306 0.166666666666667 0.19231872903576
0.40863990230499 0.228593292627455 0.6274100454378 0.794723166100339 0.166666666666667 0.241951478484529
0.16269271866891 0.064157243844618 0.158541078226698 0.502298620827504 0.222222222222222 0.0237091632744308
0.46115096931766 0.174271816085066 0.478079331941545 0.478313012192684 0.111111111111111 0.201143489959795
0.29094794687834 0.530344786989818 0.222645216750584 0.748750749550271 0.277777777777778 0.0771604938271293
0.0408945199206199 0.474385799677851 0.322731180154735 0.455326803917649 0.166666666666667 0.0379116589917511
0.27055411387574 0.2291551835778 0.511875230259119 0.421191285228863 0.277777777777778 0.139414891566581
0.15738055258739 0.481738544113792 0.466486552867494 0.474315410753547 0.0555555555555556 0.0995431346540066
0.7063959700809 0.252781360204206 0.494657988456344 0.512292624425345 0.5 0.33858924999009
0.65379331399786 0.37320796921908 0.274837283556429 0.333599840095943 0.222222222222222 0.219146103709255
0.57757594260418 0.482819515275408 0.328748618445291 0.39440335798521 0.166666666666667 0.213378940853639
0.27482827049305 0.158779679882699 0.456220066314626 0.305684589246453 0.166666666666667 0.119838465985768
0.22062280567852 0.17916294302426 0.609971754881493 0.494303417949231 0.5 0.150777336706777
0.31114333689513 0.152727311646128 0.638953702566622 0.452328602838296 0.5 0.196847481340212
0.17875133567394 0.230996045357978 0.447009701584184 0.503298021187288 0.333333333333333 0.089961316518269
0.20656388337658 0.170033552916747 0.1343485202014 0.170897461523086 0.0555555555555556 0.0297109746432722
0.46102885055717 0.4093562870246 0.286012526096034 0.2796322206676 0.166666666666667 0.14495942958664
0.12051595176309 0.392221288710272 0.510622620655778 0.37597441535079 0.222222222222222 0.0963746181085163
0.12869790871623 0.473358341940076 0.318678619673339 0.431341195282829 0.166666666666667 0.0557206902681438
0.0817432453060601 0.111655758847108 0.307380572270662 0.436398161103337 0.111111111111111 0.0333762280536569
0.20012211876049 0.160401136625124 0.464914650620165 0.212580451728963 0.111111111111111 0.0981892474023947
0.38607846130362 0.0518009942794169 0.585116050595604 0.463322006795922 0.277777777777778 0.202396696655348
0.42573652877423 0.274111810947778 0.45683409062999 0.418948630821508 0.222222222222222 0.183825988224098
0.50882308044573 0.495689493709499 0.802898194768513 0.223266040375774 0.888888888888889 0.405440934268522
0.51610441154022 0.526534631212241 0.589094928159155 0.388678792724365 0.833333333333333 0.301195228521773
0.30422836208212 0.488015668730499 0.520520692619428 0.463310013991606 0.611111111111111 0.169621672464884
0.13997862921691 0.116830506932663 0.317204961316468 0.27583449930042 0.222222222222222 0.0466577260771112
0.69119218439933 0.901096490054529 1 0.412152708374974 0.833333333333333 0.707576223360881
0.43965806747062 0.14129149297101 0.26489008964755 0.337321607035778 0.111111111111111 0.117106638897892
0.23217829339032 0.412390498156462 0.635269556674445 0.317093743753747 0.111111111111111 0.177569978823039
0.22527858342238 0.510416387950917 0.235515166400589 0.402934239456325 0.5 0.0623594798414418
0.42085177835445 0.178039161123567 0.425641655409554 0.474315410753547 0.222222222222222 0.16480108897965
0.41746298275072 0.615934157083303 0.423357484956404 0.39870477713372 0.111111111111111 0.188300011389989
0.09876354754999 0.341169482364651 0.105366572516272 0.468319008594843 0.0555555555555556 0.014071001830308
0.10267134788582 0.13891549695241 0.0860862090138769 0.258444933040176 0.111111111111111 0.00959257954330794
0.71821096015875 0.207958516393839 0.419132997666708 1 0.611111111111111 0.304119721994865
0.67336284536712 0.542278280506664 0.212943632567849 0 0.5 0.213880925264798
0.5614562662189 0.176005651017557 0.584673953088543 0.446332200679592 0.333333333333333 0.296646270487934
0.46487559151275 0.13367118141586 0.167137418641779 0.168498900659604 0.166666666666667 0.0968783257375955
0.53991756983667 0.412401200841232 0.700478938965983 0.464321407155706 0.666666666666667 0.361606843469739
0.20598381926423 0.637227148430182 0.341520324204839 0.282630421746951 0.166666666666667 0.0873468172938938
0.36782170660968 0.567750670255633 0.459412992754513 0.433339996002398 0.111111111111111 0.178034399089373
0.21950847198901 0.636440501099701 0.313643620287364 0.248251049370378 0.166666666666667 0.0840591129584649
0.31430315982293 0.420620862743418 0.24917106717426 0.430341794923047 0.222222222222222 0.085971238023525
0.49616852388948 0.558450037191829 0.47832494166769 0.486308215070957 0.222222222222222 0.242762926311345
0.53642192031751 0.0779744098807189 0.571042613287487 0.52828303018189 0.722222222222222 0.269885656208973
0.37995725843383 0.273132515291461 0.504973596954439 0.447331601039376 0.222222222222222 0.18254474564746
0.58952831628759 0.196704643359786 0.454009578779321 0.837893264041574 0.666666666666667 0.252670872829457
0.44744313845214 0.3415601303587 0.309492815915511 0.268127123725765 0.166666666666667 0.144092276907583
0.43080445733476 0.0992138878037557 0.424167997052684 0.452328602838296 0.166666666666667 0.163774399744371
0.08716226530301 0.382711953293484 0.234925703057841 0.350189886068359 0.222222222222222 0.0297851142230269
0.22607235536559 0.414937737131361 0 0.253048171097341 0.0555555555555556 0.0196685483628386
0.42378262860632 0.554993070011612 0.265970772442589 0.235858484909055 0.222222222222222 0.132369201411936
0.38609372614868 0.908979017386512 0.680265258504237 0.493304017589447 0.444444444444444 0.30422804473394
0.27325599145169 0.587465015599162 0.531892422939948 0.423737757345592 0.333333333333333 0.166919878493768
0.27186689055106 0.469922780129395 0.561169102296452 0.441335198880673 0.222222222222222 0.170135880710162
0.18333078919249 0.326619182421911 0.461377870563674 0.15610633619828 0.166666666666667 0.099335444712521
0.29969470309876 0.369189111088515 0.109615620778583 0.665956426144314 0.166666666666667 0.0489656867121065
0.66646313539918 0.412353038759773 0.538253714847109 0.235714571257245 0.333333333333333 0.351066688935468
0.1786902762937 0.580320973516209 0.276286380940685 0.313703777733361 0.111111111111111 0.0622785608156547
0.20810563272783 0.16433972461992 0.468254942895739 0.450329802118729 0.222222222222222 0.101772358352153
0.25722790413677 0.0637237851114973 0.126857423553973 0.394363381970818 0.166666666666667 0.0348077334349154
0.03784155090826 0.0688396684308277 0.548127225838143 0.46532080751549 0.0555555555555556 0.0694714729540062
0.16505876965349 0.159914164468157 0.416062876089894 0.147911253248051 0 0.0754420785872248
0.46102885055717 0.569115262563615 0.446150067542674 0.149510293823706 0.166666666666667 0.213513020383205
0.41779880934209 0.251031471244562 0.631020508412134 0.488307015790525 0.333333333333333 0.249543251082819
0.64664936650893 0.444766119581098 0.879651234188875 0.511293224065561 0.944444444444444 0.539640069980003
0.43123187299649 0.399376033477999 0.211936632690655 0.546779932040777 0.277777777777778 0.110839756817742
0.26594413066707 0.102376531152841 0.416062876089894 0.454327403557865 0.111111111111111 0.102570304961357
0.16522668294917 0.164906966912651 0.350116664619919 0.245580651609035 0.111111111111111 0.060618012035541
0.36788276598993 0.555255285788442 0.237381800319293 0.365380771537078 0.166666666666667 0.104860511333906
0.45351854678675 0.383514654651118 0.281345941299275 0.253431940835498 0.111111111111111 0.139269304701908
0.32315676995878 0.210618133558804 0.101019280363502 0.264045572656406 0.222222222222222 0.0475061774437183
0.11524958021676 0.126350545034221 0.45929018789144 0.462322606436139 0.222222222222222 0.0711585483697552
0.23765837276752 0.417913083496994 0.288665111138401 0.395962422546473 0.111111111111111 0.0743218365181974
0.37997252327889 0.28310741749568 0.319906668304066 0.256046372176694 0.111111111111111 0.12032413144137
0.23275835750267 0.264045935923025 0.522632936264276 0.447331601039376 0.388888888888889 0.131005070296499
0.59842772095863 0.355773295731233 0.313643620287364 0.382370577653408 0.166666666666667 0.20855435200439
0.32645397649214 0.183599205860788 0.587989684391502 0.25819308414951 0.388888888888889 0.185794441694081
0.50267134788582 0.301157495357712 0.377772319783864 0.384041575054967 0.333333333333333 0.188224356360467
0.3746908868875 0.292697023048231 0.613655900773671 0.47231661003398 0.444444444444444 0.224341028253924
0.27937719432148 0.48371854079596 0.506570060174384 0.45332800319808 0.222222222222222 0.154617649860091
0.50511372309571 0.525908524153285 0.497531622252241 0.44319808115131 0.111111111111111 0.25325776887672
0.50389253549076 0.214262397722469 0.485570428588973 0.468319008594843 0.222222222222222 0.226191114652272
0.53411692871317 0.15883319330654 0.330836301117525 0.467319608235059 0.166666666666667 0.175387134426683
0.4849641276141 0.364110687165877 0.39015104998158 0.140115930441735 0.222222222222222 0.189196473831082
0.37505724316898 0.0888322835783357 0.520275082893283 0.419884069558265 0.277777777777778 0.175265936378435
0.1741718821554 0.880081768511633 0.43448360555078 0.473316010393763 0.166666666666667 0.113988218943021
0.34742787360708 0.295003451615837 0.181947685128331 0.899260443733761 0.166666666666667 0.0735818257802269
0.74385589986262 0.163376482990757 0.364976053051701 0.496302218668798 0.277777777777778 0.288624940083526
0.18352923217829 0.262429830522987 0.475377624953948 0.443333999600239 0.166666666666667 0.100434523317051
0.31466951610441 0.0250282283310779 0.156330590691391 0.363661802918249 0.111111111111111 0.0506377652053047
0.44910700656388 0.349501522456908 0.488886159891931 0.347191684989006 0.0555555555555556 0.21119899078356
0.29836666157839 0.151175422354698 0.140636129190716 0.618189086548071 0.166666666666667 0.0479441169427894
0.35277056937872 0.0939428155552831 0.190077367063736 0.268239056566061 0.166666666666667 0.0693680966464459
0.16910395359487 0.481588706527032 0.572761881370503 0.450329802118729 0.388888888888889 0.135292710343854
0.59227598839872 0.214240992352933 0.124622375046052 0.304417349590245 0.111111111111111 0.13027291622862
0.56495191573806 0.440217478554495 0.306152523639937 0.297421547071757 0.166666666666667 0.19610605658978
0.14913753625401 0.128153947417711 0.409922632936265 0.482310613631822 0.166666666666667 0.0686034894068815
0.43143031598229 0.274786080088188 0.411813827827582 0.307695382770337 0.444444444444444 0.169639594283819
0.14208517783545 0.244722238573544 0.125015350607884 0.283278033180092 0.166666666666667 0.0201043238172846
0.50999847351549 0.472951639918874 0.443988701952597 0.436338197081751 0.111111111111111 0.228948773892968
0.56800488475042 0.513932219897363 0.171067174260101 0.258404957025784 0.166666666666667 0.152346976274021
0.22607235536559 0.479442818230952 0.660567358467395 0.474315410753547 0.555555555555556 0.188497523355079
0.37337811021218 0.678325457941124 0.567211101559622 0.461323206076355 0.166666666666667 0.230055409022634
0.21877575942604 0.4895782607067 0.551271030332801 0.479312412552469 0.5 0.146994686716273
0.33216302854526 0.466701272014085 0.498710548937738 0.605848490905457 0.277777777777778 0.171848025922221
0.21126545565563 0.788279489910043 0.46668304064841 0.437337597441535 0.166666666666667 0.132168598007106
0.11720348038467 0.275000133783559 0.258258627041631 0.446332200679592 0.166666666666667 0.0361171734868598
0.30346511982903 0.0642161086108468 0.46162348028982 0.451193284029582 0.222222222222222 0.126745022773844
0.43062127919402 0.310233372041375 0.596831634532728 0.332400559664202 0.222222222222222 0.245039892999653
0.45046557777439 0.594073923443698 0.656883212575218 0.259860083949629 0.166666666666667 0.303546514381729
0.34712257670585 0.429568307209862 0.406803389414221 0.187087747351588 0 0.143670999585883
0.0802930850251901 0.0397069604910372 0.322731180154735 0.245528682790326 0.111111111111111 0.0337340282190554
0.08609372614868 0.288367787059382 0.43878177575832 0.294823106136318 0.222222222222222 0.0649065284526538
0.32376736376126 0.622692902514594 0.550534201154366 0.468319008594843 0.0555555555555556 0.197169320990713
0.30570905205312 0.315349255360709 0.355274468868967 0.434339396362182 0.166666666666667 0.10764898131002
0.14516867653793 0.669774012811113 0.342011543657128 0.280471716969818 0.166666666666667 0.0718899215263745
0.25495344222256 0.49399846951608 0.568340906299889 0.451329202478514 0.277777777777778 0.167266756751541
0.53947488932987 0.379929255253682 0.173646076384625 0.443333999600239 0.166666666666667 0.135449186597275
0.05309113112502 0.31519941777395 0.462605919194401 0.325604637217669 0.166666666666667 0.062925280561606
0.38162112654557 0.380844334801387 0.322731180154735 0.476314211473116 0.166666666666667 0.12656961355313
0.38305602198138 0.0883667167909089 0.330713496254452 0.0975414751149313 0.222222222222222 0.11526033433184
0.32266829491681 0.84532479972601 0.467518113717304 0.421726963821708 0.222222222222222 0.178681453253988
0.14846588307129 0.434989217045098 0.41419624217119 0.310813511892865 0.444444444444444 0.0811899756030538
0.51268508624637 0.152582825401752 0.455876212698023 0.482310613631822 0.166666666666667 0.213993652155289
0.20580064112349 0.613162161728271 0.44133611691023 0.460323805716571 0.111111111111111 0.113907180571648
0 0.483654324687348 0.412059437553728 0.259972016789925 0.0555555555555556 0.0459578316341419
0.06808120897573 0.0537381802225092 0.269605796389537 0.396238257045773 0.0555555555555556 0.0241392821710532
0.33633033124714 0.0313588663716312 0.417045314994474 0.297021786927843 0.0555555555555556 0.122744585359603
0.33475805220577 0.599211212132564 0.678005649023702 0.821702978213072 0.833333333333333 0.253660846427235
0.43069760341933 0.399065655619715 0.168856686724795 0.452328602838296 0.166666666666667 0.098450096121986
0.1357044725996 0.490809069455071 0.475623234680094 0.438129122526484 0.166666666666667 0.0957777531362369
0.32544649671806 0.532667269584576 0.429939825617095 0.170097941235259 0 0.14878678846288
0.4187910242711 0.5115080617973 0.856023578533711 0.473036178293024 1 0.380488726911875
0.52144710731186 0.398562629435595 0.14527815301486 0.110533679792125 0.0555555555555556 0.121133241810071
0.60280873149138 0.415761843858531 0.304678865283065 0.369854087547473 0.166666666666667 0.210775801716256
0.50773927644634 0.382369467380894 0.797371975930247 0.479312412552469 0.666666666666667 0.391697580487839
0.04900015264845 0.28915978573225 0.45351835932703 0.433339996002398 0.111111111111111 0.0590650323088564
0.0599908410929601 0.149099101509612 0.52118383888002 0.365580651609035 0.111111111111111 0.0719754202974562
0.16511982903374 0.701181041264203 0.46766547955299 0.295222866280231 0.5 0.112349490948803
0.57975881544802 0.251737848439283 0.463465553235908 0.857085748550869 0.333333333333333 0.255886713389788
0.55048084261945 0.372533700078665 0.581726636374801 0.370377773335998 0.388888888888889 0.304390993361701
0.44961074645092 0.118093423735345 0.299521061034017 0.481311213272037 0.111111111111111 0.130070588809576
0.33077392764463 0.156896007363448 0.119980351221908 0.362930241854886 0.111111111111111 0.051190585364546
0.25750267134789 0.0146626781328107 0.267100577182857 0.328402958225065 0.111111111111111 0.0598841817877614
0.27491985956343 0.412797200177664 0.175095173768881 0.850489706176294 0.166666666666667 0.0580013087615575
0.68157533201038 0.223953678780322 0.521699619304925 0.460323805716571 0.444444444444444 0.335825760180415
0.21996641734086 0.237492575012444 0.0795284293258014 0.136917849290425 0.0555555555555556 0.0254929431138197
0.13081972217982 0.265142961111794 0.541937860739286 0.486308215070957 0.388888888888889 0.102615857367792
0.19879407724012 0.0472577045951966 0.16247083384502 0.17449530281831 0.222222222222222 0.0296786901188536
0.45544191726454 0.207781922095156 0.248434237995825 0.0975414751149313 0.222222222222222 0.120698125748802
0.31392153869638 0.512332168524474 0.462311187523026 0.448331001399161 0.111111111111111 0.154306746104684
0.33907800335827 0.196164157778978 0.445413238364239 0.38550469718169 0.333333333333333 0.141122793392887
0.13826896656999 0.344583638805796 0.463342748372836 0.456326204277433 0.222222222222222 0.0871001907650992
0.1741718821554 0.414300927387635 0.449957018297925 0.470317809314412 0.166666666666667 0.0972209702119856
0.31077698061365 0.49109804194382 0.512366449711409 0.480311812912253 0.222222222222222 0.169510077986106
0.18897878186536 0.196576211142567 0.315976912685743 0.443333999600239 0.166666666666667 0.0600986145943597
0.36650892993436 0.201713499831433 0.128331081910844 0.316450129922047 0.166666666666667 0.0628136757375224
0.34147458403297 0.782152202880091 0.436030946825495 0.252164701179292 0.166666666666667 0.171182432949923
0.56800488475042 0.328385125408708 0.366449711408572 0.478313012192684 0.277777777777778 0.214304966085179
0.33368951305144 0.595631164077511 0.351099103524499 0.230661603038176 0.166666666666667 0.129347360823494
0.55831170813616 0.211565321160815 0.390961562077858 0.774931041375175 0.444444444444444 0.212268540323366
0.4095557930087 0.0925033044539232 0.116419010192804 0.923046172296622 0.166666666666667 0.067049609660577
0.51457792703404 0.395143121652067 0.405624462728724 0.450329802118729 0.0555555555555556 0.210208666872969
0.11665394596245 0.497974516907564 0.245486921282083 0.488307015790525 0.166666666666667 0.0399137706090051
