RMSE 0.170099307963338
Av. abs error 0.122622395604166
Pearson Correlation 0.531333270394516
Spearman Correlation 0.45982116747817
Orness 0.151867328972583
i Shapley i
1 0.284865915910991
2 0.138615461779664
3 0.350380177859271
4 0.226138444450096
binary number fm.weights
1 0
2 0
3 0
4 0.134568297060771
5 0.322664898557841
6 0.134568297060771
7 0.322664898557841
8 0.0386783393325852
9 0.138108070225001
10 0.134568297060769
11 0.138108070224921
12 0.134568297060738
13 0.477501472124067
14 0.134568297060738
15 1.00000000000002
