0.364001234949061 0.48601708337136 0.475957907456825 0.247511493104137 0.111111111111111 0.427504075776864
0.634763815992594 0.340948014366783 0.26501686722723 0.464321407155706 0.166666666666667 0.410933797420411
0.437171966656379 0.35665698501581 0.472534112078949 0.428558864681192 0.611111111111111 0.445828790367124
0.79901204075332 0.602159312370144 0.361436987060068 0.533080151908855 0.611111111111111 0.550643333287971
0.406004939796236 0.062277532306469 0.613161472232013 0.440335798520888 0.333333333333333 0.449444867921991
0.393331275084902 0.649259380553304 0.345954382961583 0.433339996002398 0.111111111111111 0.391143069835313
0.188329731398584 0.407402436340014 0.865112532098081 0.517289626224265 0.611111111111111 0.478532473759971
0.287650509416484 0.546324283405723 0.0141483308997533 0.437337597441535 0.166666666666667 0.12608716245782
0.211176288978076 0.238265248600099 0.0144756054579327 0.136917849290425 0.0555555555555556 0.0895695778408429
0.448286508181538 0.128989654413381 0.493479683802427 0.503298021187288 0.5 0.430146486320632
0.601960481630129 0.34144730837579 0.395549066008761 0.428526883869678 0.222222222222222 0.472049748867253
0.0877894411855559 0.525804910261296 0.439227632042696 0.141315210873476 0.111111111111111 0.263292846829052
0.0645260882988592 0.382083398205764 0 0.173495902458525 0.166666666666667 0.027755203826449
0.396820006174743 0.434117350198375 0.311615729318765 0.388327003797722 0.222222222222222 0.357885802275483
0.241432540907692 0.700987313637168 0.464629172750617 0.448926644013592 0.222222222222222 0.379039189397258
0.175671503550477 0.262413898627211 0.279366597855092 0.357585448730761 0.166666666666667 0.23093372465598
0.372800246989815 0.0208307608059574 0.132218921504456 0.15610633619828 0.166666666666667 0.200344156607798
0.42185859833282 0.491278461100701 0.12793917728211 0.287427543473916 0.0555555555555556 0.264394786643085
0.19419573942575 0.396514605691952 0.239514626655253 0.266356186288227 0.0555555555555556 0.232379530978083
0.257949984563141 0.0857604569882359 0.0297064598962791 0.476937837297622 0.166666666666667 0.106433098163153
0.556514356282806 0.176578279099981 0.532249131463673 0.446332200679592 0.333333333333333 0.500022718548212
0.29561593084285 0.0644250334204877 0.406122551734555 0.451193284029582 0.222222222222222 0.314832036902285
0.471364618709474 0.769122155232117 0.445496198580132 0.430793523885669 0.222222222222222 0.483703166690456
0.450385921580738 0.167897005846571 0.439605256532904 0.483310013991606 0.222222222222222 0.412647445610668
0.137388082741586 0.447388907082995 0.206736820905292 0.250849490305816 0 0.193055477647098
0.553334362457546 0.212253641356578 0.333694174512864 0.774931041375175 0.444444444444444 0.405887997164496
0.191108366779866 0.160922995978805 0.409495997180404 0.212580451728963 0.111111111111111 0.282118735656681
0.26665637542451 0.159296263884937 0.40058405921152 0.305684589246453 0.166666666666667 0.314971023902665
0.530256251929611 0.528607399215088 0.155883389557424 0.127323605836498 0.5 0.322531442888565
0.663167644334671 0.415917278257088 0.0743164996727254 0.325204877073755 0.166666666666667 0.289412247107559
0.103735720901515 0.5408052055427 0.445143749055938 0.158504897061763 0.166666666666667 0.277919616014913
0.26506637851189 0.58937631198896 0.478148129500025 0.423737757345592 0.333333333333333 0.389064264519699
0.124421117628898 0.169588162973861 0.355697094808922 0.901327203677794 0.277777777777778 0.226022389843316
0.316146958937946 0.624718811572881 0.497255928704496 0.468319008594843 0.0555555555555556 0.425900335934274
0.108058042605744 0.411187407053469 0.471577463370424 0.407155706576055 0.222222222222222 0.281353745723022
0.112920654522998 0.158281569608563 0.538291123306984 0.781331201279233 0.222222222222222 0.284042803391858
0.106205619018216 0.501811954064951 0.00246714666935203 0.0905456725964412 0.0555555555555556 0.052694436382037
0.332479160234645 0.8614700718876 0.438220633402145 0.39036578053168 0.888888888888889 0.423866401274038
0.286554492127196 0.267444419986793 0.421177181410805 0.264241455126923 0.111111111111111 0.3459725211646
0.442883606051249 0.311806424249584 0.394038568047934 0.492304617229663 0.222222222222222 0.40598068532082
0.0921580734794678 0.542206450019594 0.41166104425759 0.228462922246653 0.0555555555555556 0.257176218155649
0.534285273232476 0.381165341479522 0.110946075222798 0.443333999600239 0.166666666666667 0.279845112411108
0.0833590614387135 0.309540810574294 0.527465887921052 0.388766739956025 0.333333333333333 0.274974988528308
0.252562519296079 0.453906572964036 0.368108353053723 0.383393963621827 0.111111111111111 0.323617956350369
0.433868477925289 0.347331461428194 0.058456271084034 0.199880071956826 0.166666666666667 0.204120045268939
0.163507255325722 0.27165889092305 0.15996173405166 0.66380171896862 0.166666666666667 0.170860133473941
0.0552639703612276 0.248224285016349 0.582221439001058 0.3776813911653 0.166666666666667 0.26393695175733
0.212565606668727 0.227474055502164 0.302854841145965 0.173895662602439 0.611111111111111 0.255479643286914
0.189765359678918 0.0474114558446915 0.0994914656865209 0.17449530281831 0.222222222222222 0.127561642966088
0.340074096943499 0.295963234780927 0.119455213735462 0.899260443733761 0.166666666666667 0.2165203836263
0.226613152207475 0.620359384311431 0.591032677105886 0.444333399960024 0.222222222222222 0.417717442209442
0.149799320778021 0.231178494923842 0.318765419666684 0.374375374775135 0.222222222222222 0.231609161473487
0.442899042914477 0.35063861314378 0.434066764009868 0.347191684989006 0.0555555555555556 0.429454277165458
0.47996295152825 0.433000649619085 0.161447057046473 0.106935838496902 0.444444444444444 0.30215576607709
0.53896264279099 0.03513848697809 0.262373495795781 0.470317809314412 0.166666666666667 0.331253048838969
0.289904291447979 0.732620005046628 0.556266049040834 0.402702378572857 0.166666666666667 0.446571463596869
0.197036122259953 0.63930034413705 0.283016967927093 0.282630421746951 0.166666666666667 0.270435115717926
0.0211485026242697 0.331439953184475 0.401943507376266 0.149774135518688 0.166666666666667 0.177291128138498
0.677987033034887 0.224682304053944 0.4677005186043 0.460323805716571 0.444444444444444 0.522949952659008
0.126952763198519 0.422166506498876 0.380846885856704 0.336642014791125 0.111111111111111 0.259603337636116
0.593902439024388 0.356930791407846 0.254443381501435 0.382370577653408 0.166666666666667 0.392223003209512
0.271256560666875 0.485292301745382 0.452192739539802 0.45332800319808 0.222222222222222 0.372571830751491
0.532263044149425 0.797045038467112 0.479885202154977 0.467319608235059 0.166666666666667 0.529094560167883
0.306514356282803 0.542195712514027 0.422234529983385 0.431341195282829 0.166666666666667 0.380943591075197
0.121025007718432 0.266005594240401 0.488444690599668 0.486308215070957 0.388888888888889 0.283535825063392
0.357301636307506 0.710162512146802 0.508710538240774 0.4773136118329 0.0555555555555556 0.457685463176811
0.141494288360609 0.065810171639026 0.219148079150093 0.23106136318209 0.111111111111111 0.167257967861365
0.458166100648353 0.610003060189085 0.462892100095665 0.383170097941235 0.166666666666667 0.473969970477294
0.148193887002164 0.660431755098971 0.399073561250693 0.497301619028582 0.5 0.296131066725735
0.337758567459093 0.442599979598738 0.479734152358894 0.31902858285029 0.222222222222222 0.413083534953652
0.0629824019759223 0.639724475607069 0.613564271688233 0.434339396362182 0.166666666666667 0.31237273515206
0.157471441803023 0.378529283862064 0.465132672070892 0.439336398161104 0.111111111111111 0.307585666400317
0.479160234640317 0.365295308246942 0.332863400634409 0.140115930441735 0.222222222222222 0.394992550333287
0.133081197900584 0.654842883449744 0.377674840138966 0.267239656206276 0.277777777777778 0.277777777777534
0.546001852423591 0.425264276855843 0.411912793917728 0.443333999600239 0.166666666666667 0.467868916073067
0.424282185859839 0.400364001438827 0.106036956850108 0.452328602838296 0.166666666666667 0.243151049685832
0.397190490892254 0.547242340131965 0.368863602034137 0.87333200079952 0.444444444444444 0.396456047135285
0.174328496449519 0.263283636578386 0.420220532702281 0.443333999600239 0.166666666666667 0.288862676009854
0.67631985180611 0.3650590831244 1 0.347391565060963 0.944444444444444 0.786721962780607
0.0925594319234346 0.139367453546866 0.0211973213836161 0.258444933040176 0.111111111111111 0.0550309158192986
0.401975918493361 0.229337012718575 0.576053572327678 0.794723166100339 0.166666666666667 0.461455012779488
0.379175671503551 0.91193634806698 0.630230099189366 0.493304017589447 0.444444444444444 0.538148044922445
0.540768755788825 0.2165164310679 0.147323901112733 0.180435738556867 0.111111111111111 0.29246493849787
0.0300864464340822 0.475929196888272 0.26375811892654 0.455326803917649 0.166666666666667 0.148965384145561
0.0966347638159928 0.180492099880275 0.284527465887921 0.258444933040176 0.111111111111111 0.183714485535192
0.200308737264587 0.589816549717333 0.489577564070289 0.230661603038176 0.222222222222222 0.358995010865556
0.24283729546156 0.466818423412054 0.434947887820352 0.415290825504698 0.277777777777778 0.349271400974382
0.779098487187405 0.417683597923367 0.120285987613916 0.560063961623025 0.222222222222222 0.363311476637552
0.524853349799321 0.49778538947617 0.220079552892604 0.650165900459724 0.222222222222222 0.359991754568171
0.556267366471135 0.315720245029877 0.321031166607924 0.47231661003398 0.277777777777778 0.412462523679824
0.442729237418953 0.20314286788036 0.00896228790091135 0.272344593244053 0.166666666666667 0.137477954616257
0.694890398271076 0.196195701776522 0.636599365590856 0.482310613631822 0.666666666666667 0.607295738310558
0.448286508181538 0.308075141063979 0.530738633502844 0.435862482510494 0.166666666666667 0.471955208334707
0.525980240815064 0.0508957764021824 0.502391621771311 0.418572856286227 0.333333333333333 0.44868125873014
0.300972522383456 0.161352496201607 0.38094758572076 0.473316010393763 0.166666666666667 0.322167698446724
0.234300710095705 0.570204495793581 0.361688736720206 0.380771537077753 0.388888888888889 0.320585814046927
0.50219203457857 0.3836134927495 0.750264337143144 0.479312412552469 0.666666666666667 0.60193548493377
0.561160852114854 0.529278493313216 0.482150949096219 0.471317209674196 0.388888888888889 0.519490423431191
0.210404445816608 0.695666879627193 0.47333971099139 0.450329802118729 0.388888888888889 0.365481870342824
0.0942111762889744 0.215931237014328 0.413901616232818 0.30703577853288 0.0555555555555556 0.233831575553322
0.402439024390248 0.638339337388531 0.367604853733448 0.470317809314412 0.166666666666667 0.405183142863078
0.297406606977468 0.58176878929256 0.486229293590454 0.340707575454727 0.166666666666667 0.408348707083608
0.269882679839462 0.0989568513338672 0.119127939177282 0.466320207875275 0.111111111111111 0.173266313159033
0.0118863846866283 0.545824989396712 0.392402195257036 0.10453727763342 0.111111111111111 0.174287563978062
0.325470824328498 0.182865088611264 0.262574895523891 0.41341994803118 0.166666666666667 0.279854448087916
0.306004939796234 0.167655411971245 0.401288958259907 0.398584849090545 0.0555555555555556 0.334187722398531
0.609648039518369 0.230142325636329 0.0491415336589296 0.173495902458525 0.111111111111111 0.233823943061534
0.528048780487808 0.182709394780499 0.155430240169176 0.311413152108735 0.222222222222222 0.289995302470187
0.134964495214577 0.859489002109918 0.399627410502996 0.437337597441535 0.166666666666667 0.300089254873647
0.121642482247605 0.720121548563052 0.483661447057047 0.316410153907655 0.277777777777778 0.316805957218921
0.391787588761965 0.325561168884855 0.178037359649564 0.238456925844494 0.0555555555555556 0.273179225491202
0.164865699289909 0.882945083027762 0.37830421428931 0.473316010393763 0.166666666666667 0.310467632114969
0.322321704229704 0.502660217004988 0.230653038618397 0.253847691385169 0.166666666666667 0.29067201202678
0.41690336523618 0.375764376177771 0.397185438799658 0.228462922246653 0.222222222222222 0.403413364740931
0.142482247607283 0.290100556739663 0.422385579779467 0.484309414351388 0.111111111111111 0.274241567068268
0.327261500463106 0.601160724352125 0.627914002316097 0.821702978213072 0.833333333333333 0.486164982045202
0.0791911083667798 0.102317690577303 0.430642968631992 0.175294823106137 0.166666666666667 0.216359792310407
0.130904600185246 0.476278165819297 0.304038064548613 0.136518089146512 0.277777777777778 0.234361500017663
0.678650818153753 0.497527689342489 0.512436433210814 0.550993403957626 0.333333333333333 0.578626656826098
0.209972213646186 0.491171086045001 0.498011177684909 0.479312412552469 0.5 0.360225908315567
0.38325100339611 0.555504850668141 0.396304314989174 0.193883669798122 0.111111111111111 0.404621878955121
0.41062056190182 0.594063233170301 0.402396656764513 0.162902258644814 0.111111111111111 0.422570932924766
0.669543068848407 0.38558382502161 0.152862393635769 0.760943433939637 0.277777777777778 0.353093588707717
0.538437789441182 0.160627714575625 0.324681536679926 0.200479712172696 0.166666666666667 0.388556292321717
0.265498610682312 0.38842926399768 0.41291979255828 0.382578452928243 0.333333333333333 0.344219252823613
0.52454461253473 0.422676538013455 0.428729671214944 0.336845892464522 0.111111111111111 0.467619097059597
0.23376041988268 0.116781110580202 0.312849302653442 0.194683190085949 0.333333333333333 0.256488339155803
0.291447977770916 0.533868776944429 0.682795428226172 0.455326803917649 0.5 0.483892210010165
0.344705155912319 0.678358020648221 0.635592366950304 0.482310613631822 0.5 0.504887038949636
0.441216424822471 0.34267138401078 0.250188812245104 0.268127123725765 0.166666666666667 0.333999446423538
0.0713954924359375 0.112019026859872 0.248023765167917 0.436398161103337 0.111111111111111 0.147848462911262
0.443470206853967 0.0435674288506034 0.189668193947938 0.708918648810714 0.222222222222222 0.261898315721549
0.166239580117322 0.0243741376440818 0.312597552993304 0.140915450729563 0.111111111111111 0.208420295555329
0.345291756715037 0.612896817940225 0.478676803786314 0.479312412552469 0.333333333333333 0.43068454632194
0.376288978079656 0.371523061477587 0.395297316348622 0.444333399960024 0.388888888888889 0.384902897138274
0.306884841000305 0.0978186757434385 0.508207038920497 0.461323206076355 0.333333333333333 0.368917505589273
0.284038283420813 0.450465202428823 0.0667136599365591 0.0905456725964412 0.0555555555555556 0.17150885373639
0.499413399197288 0.828452242259601 0.557675847137607 0.642214671197282 0.166666666666667 0.555470331644221
0.823247916023463 0.243054176084352 0.362569860530689 0.966288227063761 0.5 0.520290464213184
0.604029021302874 0.140929760607313 0.216555057650672 0.260443733759745 0.166666666666667 0.347125682230342
0.523309663476385 0.785212307328884 0.361311112229999 0.424345392764341 0.111111111111111 0.462550732507341
0.0460018524235862 0.131743824592107 0.198429082120739 0.443733759744153 0.0555555555555556 0.115304931474731
0.687712256869406 0.904028175214613 0.957957806756961 0.412152708374974 0.833333333333333 0.832926782595667
0.269836369249769 0.276222330790332 0.559060470268364 0.281830901459125 0.388888888888889 0.396516959368106
0.19419573942575 0.0190053848590455 0.345048084185086 0.265932440535678 0.222222222222222 0.232690417628615
0.557162704538434 0.393153766448515 0.243744020945571 0.434339396362182 0.166666666666667 0.376578452337465
0.128558196974376 0.345704729334329 0.407884799355521 0.456326204277433 0.222222222222222 0.265159681315205
0.296387774004318 0.489603410231766 0.466492120235638 0.463310013991606 0.611111111111111 0.391579400886944
0.502161160852115 0.557174532784287 0.509214037561049 0.279432340595643 0.222222222222222 0.510668211455048
0.425023155294841 0.275680086759043 0.355067720658577 0.307695382770337 0.444444444444444 0.375694903183723
0.740969435010809 0.163908022527285 0.307059060470268 0.496302218668798 0.277777777777778 0.449050454171896
0.0482556344550812 0.372258580609136 0.422536629575549 0.212432540475714 0.111111111111111 0.214882435282493
0.466131522074718 0.862006947166101 0.548486984542571 0.45332800319808 0.222222222222222 0.538606154232612
0.284038283420813 0.259063796889346 0.389255324505311 0.452328602838296 0.166666666666667 0.329900213949622
0.321704229700521 0.489791316579247 0.238406928150647 0.276054367379573 0.111111111111111 0.293641410139554
0.421611608521149 0.330017233696438 0.133679069533256 0.25537077753348 0.166666666666667 0.255938130078315
0.186106823093544 0.506332443909954 0.308191933940889 0.48930641615031 0.222222222222222 0.267798632145163
0.737341772151901 0.841616424088517 0.426766023865868 0.484309414351388 0.444444444444444 0.58611392121588
0.143254090768752 0.140709641743126 0.58602285886914 0.457325604637218 0.277777777777778 0.318222165194286
0.20937017598024 0.305396133424242 0.219978853028548 0.463322006795922 0.111111111111111 0.222886256678728
0.560913862303183 0.676382319623328 0.429031770807109 0.478313012192684 0.611111111111111 0.50523386965233
0.0219203457857382 0.454416604478615 0.361311112229999 0.251381171297222 0 0.172827844929141
0.201605433775853 0.285000241593875 0.354916670862495 0.356494103537876 0.388888888888889 0.278333427667921
0.554353195430686 0.642628970863776 0.592971149488948 0.370337797321608 0.888888888888889 0.58099001270399
0.211732016054339 0.229379962740857 0.408136549015659 0.25573855686588 0.166666666666667 0.300073667769174
0.132417412781728 0.245518433612685 0.0610996425154826 0.283278033180092 0.166666666666667 0.102613941262436
0.642667489966039 0.446213150223072 0.834600473289362 0.511293224065561 0.944444444444444 0.710170631412178
0.493763507255327 0.803713029426134 0.407381300035246 0.428342994203478 0.166666666666667 0.476323533187756
0.0228465575795024 0.638129956029916 0.230023664468053 0.450329802118729 0.0555555555555556 0.137295063075945
0.508274158690952 0.383275261324042 0.0201903227430644 0.165500699580251 0.0555555555555556 0.184693181014437
0.41957394257487 0.646129397679623 0.317506671365994 0.425344793124125 0 0.38700787375451
0.195507872800243 0.185323977386814 0.198706006746891 0.246452128722767 0.277777777777778 0.19605729970593
0.130904600185246 0.306335665161627 0.446528372186697 0.496302218668798 0.277777777777778 0.277988334941043
0.532571781414016 0.462727433789857 0.409772921806555 0.473316010393763 0.166666666666667 0.465123023041773
0.207378820623654 0.0917358788379874 0.258370676199586 0.286340195882471 0.166666666666667 0.217444595680157
0.534285273232476 0.199535066008814 0.260988872665023 0.443333999600239 0.166666666666667 0.357829792061237
0.285180611299783 0.272421253818526 0.569382206334021 0.470317809314412 0.666666666666667 0.408109666107336
0.330040135844399 0.181259831528539 0.497507678364634 0.835698580851488 0.777777777777778 0.388395809215639
0.0413707934547754 0.198831759393976 0.0987362167061074 0.414411353188086 0.0555555555555556 0.0782318805048425
0.424822476072863 0.400675389100358 0.150193847238306 0.546779932040777 0.277777777777778 0.273580415581121
0.359864155603582 0.393647691704739 0.173254116106944 0.375654607235659 0.277777777777778 0.264476478322997
0.0382834208088915 0.290100556739663 0.397814812950003 0.433339996002398 0.111111111111111 0.191221220638367
0.629314603272612 0.554039181157826 0.496248930063944 0.448331001399161 0.444444444444444 0.556448998138759
0.0652979314603276 0.827276485399674 0.323699713005387 0.470317809314412 0 0.219296534451565
0.510713183081198 0.469110880851267 0.591964150848396 0.397277633419947 0.333333333333333 0.54482052300993
0.0950910774930562 0.313137874940272 0.418961784401591 0.429342394563263 0.0555555555555556 0.245099546396632
0.246217968508798 0.940224306491359 0.65585821459141 0.494303417949231 0.5 0.478733056057784
0.661886384686633 0.396283749322193 0.0832284376416094 0.252848291025384 0.277777777777778 0.295720956115644
0.767644334671199 0.657178290911239 0.799405870802074 0.539276434139516 1 0.771844020525351
0.288360605125042 0.47567149675459 0.574668949196918 0.279432340595643 0.222222222222222 0.432600231536171
0.449305341154678 0.208457933137551 0.187603846734807 0.0975414751149313 0.222222222222222 0.287335225746916
0.405233096634768 0.257356533503701 0.399577060570968 0.435338796721967 0.222222222222222 0.387065613222913
0.470422970052483 0.564395505280167 0.602739036302302 0.475314811113331 0.277777777777778 0.541055752323253
0.459061438715651 0.502805173330181 0.54224359297115 0.313679792124726 0.277777777777778 0.502404106967139
0.378203149120094 0.161577983818578 0.250793011429435 0.285428742754347 0.111111111111111 0.291457795975797
0.0368941031182504 0.233916558844216 0.387744826544484 0.469318408954627 0.111111111111111 0.182057606330196
0.739117011423281 0.782098430713562 0.865968480942551 0.509294423345992 1 0.803001558593678
0.886446434084591 0.634318141552534 0.411786919087659 0.882070757545473 0.722222222222222 0.614157640682608
0.674884223525776 0.628852751217365 0.433462564825537 0.469318408954627 0.444444444444444 0.548232209557048
0.334053720284037 0.784696907061518 0.37989023714818 0.252164701179292 0.166666666666667 0.391479070484031
0.242389626427911 0.428866709974606 0.0493932833190675 0.488307015790525 0.166666666666667 0.142904854190501
0.39950602037666 0.290905869657421 0.397814812950003 0.373575854487308 0.111111111111111 0.387639354422501
0.249212719975296 0.530309293847945 0.510472785861739 0.504297421547073 0.388888888888889 0.389882078454429
0.393053411546776 0.448468026392786 0.529832334726348 0.726212272636418 0.222222222222222 0.461728396749989
0.307193578264896 0.170087456982868 0.255828004632194 0.36338197081751 0.222222222222222 0.267790852180722
0.250710095708551 0.767060554162659 0.353506872765722 0.478313012192684 0.111111111111111 0.338102392787798
0.468477925285579 0.311038692601319 0.417577161270833 0.272436538077153 0.166666666666667 0.427749821546215
0.138870021611612 0.436404438884804 0.357509692361915 0.310813511892865 0.444444444444444 0.258326192206139
0.702068539672735 0.493173630833822 0.342429887719651 0.694183489906057 0.333333333333333 0.495030474161507
0.266671812287747 0.747453868991695 0.460878102814561 0.468319008594843 0.888888888888889 0.393836911660875
0.536894103118245 0.316369864116866 0.251195810885656 0.277433539876074 0.388888888888889 0.366393147507082
0.568694041370798 0.168342612327728 0.507124515381904 0.467319608235059 0.5 0.491756884274798
0.301698054955232 0.143168530518676 0.280499471325713 0.4773136118329 0.555555555555556 0.274138381652255
0.356560666872492 0.316445026655859 0.363199234681033 0.2884269438337 0.0555555555555556 0.355807835173559
0.223896264279103 0.192222824715591 0.256583253612608 0.454327403557865 0.111111111111111 0.236101132415554
0.408768138314291 0.140242560250829 0.537787623986707 0.462322606436139 0.388888888888889 0.434707359115957
0.553519604816297 0.341474152139718 0.0433512914757565 0.652672396562063 0.222222222222222 0.222222222222191
0.560666872491512 0.413673139592942 0.251044761089572 0.427343593843694 0.111111111111111 0.384048796359376
0.197792528558194 0.108577656324659 0.270328785056141 0.430741555066961 0.166666666666667 0.220813780477206
0.241586909539977 0.372521649495606 0.2833945924173 0.214471317209674 0.277777777777778 0.272934041285639
0.26233405372028 0.229900731761003 0.457630532198782 0.421191285228863 0.277777777777778 0.345756433004777
0.455927755480085 0.565479993342746 0.379789537284124 0.402702378572857 0.166666666666667 0.427976483868855
0.270453843778942 0.0496180132393437 0.477166305825487 0.467319608235059 0.166666666666667 0.329251992257993
0.572506946588457 0.48976447281532 0.488444690599668 0.486308215070957 0.555555555555556 0.523442943180707
0.441972831120713 0.131147893032968 0.0994914656865209 0.434339396362182 0.166666666666667 0.21918803689515
0.447360296387774 0.384762405845496 0.221338301193293 0.253431940835498 0.111111111111111 0.323672974366641
0.088607594936707 0.342279465057472 0.0409596697044459 0.468319008594843 0.0555555555555556 0.0779611674174131
1 0.413657033334586 0.491792961079503 0.236058364981012 0.944444444444444 0.676599346565107
0.151528249459709 0.0993380327816031 0.340919389758824 0.222466520087947 0.222222222222222 0.22631221652268
0.266748996603895 0.414140221085238 0.112431398217612 0.850489706176294 0.166666666666667 0.194938163425007
0.30087990120408 0.264937212436177 0.437943708775993 0.210853487907255 0.111111111111111 0.359663290834361
0.15564989194196 0.160434439475365 0.359422989778964 0.147911253248051 0 0.243624495453771
0.0818771225686969 0.646913235586242 0.413171542218418 0.294463322006796 0.111111111111111 0.256797460328069
0.437943809817847 0 0.0477569105281709 0.180491704977014 0.0555555555555556 0.148922635531759
0.140166718122878 0.477604247757202 0.543577866169881 0.307415550669598 0.222222222222222 0.335060796818032
0.210713183081199 0.638511137477651 0.254443381501435 0.248251049370378 0.166666666666667 0.263344858389701
0.563136770608213 0.329453514654009 0.308569558431097 0.478313012192684 0.277777777777778 0.409593933871319
0.307795615930841 0.220881227082134 0.553094003323095 0.627419548271037 0.222222222222222 0.406391068391354
0.205619018215501 0.568507969913508 0.458360606213181 0.506296222266639 0.5 0.347438079808695
0.459740660697745 0.347331461428194 0.173757615427219 0.728562862282631 0.166666666666667 0.296066242202666
0.264927446742822 0.441204103874628 0.511353909672221 0.333599840095943 0.722222222222222 0.390870497496895
0.175671503550477 0.130466061429268 0.173858315291275 0.258960623625825 0.0555555555555556 0.17022386698923
0.575023155294841 0.252556868513877 0.40801067418559 0.857085748550869 0.333333333333333 0.457723021120096
0.523155294844089 0.220306770534138 0.259755299330346 0.226464121527084 0.444444444444444 0.355830329285213
0.24899660389009 0.695092423079193 0.567494083882986 0.463322006795922 0.277777777777778 0.426419709361227
0.245646804569308 0.331912403429559 0.397814812950003 0.459324405356786 0.222222222222222 0.322835758751984
0.376103735720905 0.0886542147393757 0.271939982881024 0.0975414751149313 0.222222222222222 0.290706595236293
0.472537820314909 0.13970031621954 0.416947787120487 0.305816510093943 0.5 0.406481387025762
0.509107749305341 0.396428705647391 0.3487236292231 0.450329802118729 0.0555555555555556 0.417901544399599
0.479669651126886 0.153170516957203 0.129827299733145 0.131720967419549 0.166666666666667 0.254329354672496
0.14847175054029 0.242587094592055 0.343688636020341 0.361583050169898 0.0555555555555556 0.242110466362299
0.587681383142948 0.214938017749098 0.0606968430592618 0.304417349590245 0.111111111111111 0.238003727584373
0.148178450138936 0.187288940906136 0.216177433160466 0.435338796721967 0.0555555555555556 0.183120957072693
0.575208397653592 1 0.652081969689341 0.497301619028582 0.666666666666667 0.64799054995473
0.317845013893179 0.534400283470147 0.373646845576759 0.170097941235259 0 0.362999914120152
0.169435010805809 0.0826304741145582 0.438396858164242 0.307027783330002 0.111111111111111 0.270569883227404
0.287897499228155 0.239763130627125 0.433563264689593 0.193483909654208 0.444444444444444 0.348883336559877
0.086137696820006 0.141359260830115 0.205075273148381 0.230617629422347 0.166666666666667 0.142806138644536
0.36940413707935 0.334237073385482 0.187352097074669 0.445332800319808 0.111111111111111 0.271355001297106
0.366316764433466 0.680532365526163 0.514349730627864 0.461323206076355 0.166666666666667 0.462278074394694
0.16409385612843 0.523286965205113 0.058582145914103 0.173495902458525 0.166666666666667 0.127459672445663
0.253689410311821 0.664597907260162 0.563969588641056 0.38157105736558 0.333333333333333 0.425248724889412
0.758258721827727 0.414628777588678 0.28226171894668 0.416749950029982 0.277777777777778 0.470739054649439
0.402902130287125 0.092804260642211 0.0522884044106541 0.923046172296622 0.166666666666667 0.166680297918211
0.0273232479160275 0.326071200399434 0.365188056996124 0.195482710373776 0.0555555555555556 0.172050332451178
0.363337449830195 0.400997514267461 0.497734253058758 0.505296821906855 0.444444444444444 0.429058862279285
0.347097869712873 0.528993949415612 0.362368460802578 0.160179892064761 0 0.370207089320949
0.153257178141407 0.0643659771398501 0.0954634711243136 0.502298620827504 0.222222222222222 0.11474541086443
0.187897499228162 0.491047604730942 0.362167061074468 0.3062922246652 0 0.291336704792275
0.619172584130909 0.191852380773422 0.0441065404561703 0.530481710973416 0.166666666666667 0.227111457748604
0.149583204692805 0.393153766448515 0.00417904435829012 0.586648011193284 0.166666666666667 0.0649477938000863
0.283683235566528 0.552229911469265 0.181813604551633 0.446332200679592 0.166666666666667 0.251602802088696
0.282957702994753 0.53207024476144 0.161170132420322 0.748750749550271 0.277777777777778 0.23817243572553
0.458382216733559 0.401314270681776 0.396354664921202 0.439336398161104 0.111111111111111 0.422619248553518
0.0177523927138045 0.481668393615477 0.371632848295655 0.394111533080151 0.111111111111111 0.172578579607586
0.640938561284351 0.323569361601606 0.470570464729873 0.455326803917649 0.166666666666667 0.523439542681883
0.278295770299477 0.417109141375367 0.2760938522733 0.235194883070159 0.111111111111111 0.289208245789535
0.649891941957391 0.374422187981511 0.214666935199637 0.333599840095943 0.222222222222222 0.388101686587728
0.455078728002469 0.17483880319763 0.422989778963798 0.478313012192684 0.111111111111111 0.407779423684305
0.28913244828651 0.795928337887822 0.690096168370173 0.44453328003198 0.388888888888889 0.507203181205109
0.30811979005866 0.397996381460622 0.0796032425356228 0.364181491105337 0.166666666666667 0.185897771820813
0.493979623340533 0.267073976044625 0.295982075424198 0.414951029382371 0.277777777777778 0.370707517873473
0.203751157764745 0.207153326210785 0.0635919641508484 0.484309414351388 0.111111111111111 0.126761458066212
0.233405372028406 0.272168922437629 0.185338099793565 0.484509294423345 0.166666666666667 0.212993378196783
0.715035504785423 0.20863510197946 0.362569860530689 1 0.611111111111111 0.478395588963121
0.345476999073788 0.094248455141387 0.127788127486028 0.268239056566061 0.166666666666667 0.202890811652294
0.582278481012659 0.699886719316234 0.526333014450431 0.482310613631822 0.666666666666667 0.565512285565917
0.379160234640324 0.0519695269591939 0.532702280851921 0.463322006795922 0.277777777777778 0.401587096339074
0.10725532571781 0.275894836870446 0.197673833140326 0.446332200679592 0.166666666666667 0.16205721360445
0.210250077184312 0.0650209649796269 0.284074316499673 0.274091545072957 0.166666666666667 0.225576910127302
0.610682309354736 0.275894836870446 0.0149539298121948 0.397161702978214 0.166666666666667 0.193962118151554
0.33530410620562 0.666664877082404 0.554201701827702 0.464321407155706 0.666666666666667 0.463884262919916
0.458845322630446 0.134106075817529 0.104274709229143 0.168498900659604 0.166666666666667 0.228003926149707
0.303010188329735 0.49269581183595 0.458134031519057 0.480311812912253 0.222222222222222 0.391359663386552
0.485180611299789 0.441064516302218 0.25746437742309 0.364781131321208 0.166666666666667 0.363123371671736
0.4442729237419 0.596006721678488 0.606263531544232 0.259860083949629 0.166666666666667 0.533512104625567
0.669682000617475 0.544042563472078 0.151226020844871 0 0.5 0.365220255392326
0.609972213646188 0.266553207024474 0.0663863853783797 0.122526484109533 0.166666666666667 0.254421107522608
0.190243902439022 0.298980473846121 0.393409193897588 0.461043373975614 0.277777777777778 0.289956632501611
0.39232787897499 0.262676967513675 0.196918584159912 0.408958624825106 0.277777777777778 0.278580097850547
0.694350108058041 0.0815620923103347 0.26866723729923 0.482310613631822 0.333333333333333 0.396764804874243
0.0877894411855559 0.538480535586777 0.403353305473038 0.187487507495502 0.111111111111111 0.250667277977407
0.271688792837297 0.222416690378659 0.261668596747395 0.328402958225065 0.111111111111111 0.261998605913017
0.224112380364309 0.264904999919467 0.468657167312824 0.447331601039376 0.388888888888889 0.334996336492022
0.114078419265206 0.626506606250303 0.358793615628618 0.287027783330002 0.0555555555555556 0.256447790954774
0.368694041370792 0.812839909160703 0.579905342127788 0.426260243853688 0.222222222222222 0.503146287400721
0.617489966038904 0.270601246624398 0.0794018428075125 0.752948231061363 0.166666666666667 0.268740242625436
0.688792837295466 0.419605611420411 0.0570464729872614 0.689110533679792 0.222222222222222 0.279454475018425
0.105279407224452 0.12676162200759 0.403730929963244 0.462322606436139 0.222222222222222 0.227386944440949
0.650756406298235 0.00612037817494528 0.0579527717637581 0.282830301818908 0.111111111111111 0.216714693352638
0 0.0125628815169932 0.370827249383214 0.271393164101539 0 0.0919425836963907
0.365992590305647 0.421532993670239 0.427143648356074 0.404713172096741 0.111111111111111 0.400090923854724
0.60944736029639 0.541492405899184 0.0894718292130307 0.409154507295624 0.111111111111111 0.29708610915852
0.110605125038593 0.393497366626757 0.456346608932077 0.37597441535079 0.222222222222222 0.276008789580347
0.532263044149425 0.49898799010002 0.418458285081316 0.371976813911653 0.277777777777778 0.472845992573812
0.712256869404141 0.386824006914955 0.493983183122702 0.835698580851488 0.777777777777778 0.570099862037107
0.35937017598024 0.202369767479317 0.0644982629273451 0.316450129922047 0.166666666666667 0.175774218892582
0.171410929299168 0.308467060017287 0.0267358139066512 0.385368778732761 0.166666666666667 0.0943152926553805
0.241432540907692 0.376279776445133 0.501283923266703 0.447331601039376 0.222222222222222 0.368512367392196
0.886106823093545 0.436340013851383 0.452696238860078 0.365180891465122 0.722222222222222 0.617226596031711
0.361469589379439 0.434079768928881 0.299934545088364 0.626500099940035 0.388888888888889 0.337525957289771
0.178758876196361 0.373219587357661 0.109561452092039 0.388175094943033 0.166666666666667 0.157277174206429
0.622908305032421 0.484776901478015 0.113967071144454 0.188486907855286 0.166666666666667 0.317434788203584
0.200833590614385 0.286422961081912 0.454332611650974 0.488914651209275 0.833333333333333 0.319167641437133
0.519913553565919 0.10527587336186 0.36317405971502 0.476314211473116 0.166666666666667 0.39244519077246
0.307795615930841 0.616714001170386 0.409772921806555 0.432340595642614 0.222222222222222 0.381567895690645
0.534732942266136 0.413742933379147 0.65094909621872 0.464321407155706 0.666666666666667 0.576364185584465
0.637418956468046 0.166114579921937 0.0901767282614162 0.205476713971618 0.166666666666667 0.272407842570961
0.414016671812285 0.433392568572393 0.272040682745078 0.272560463721767 0.166666666666667 0.343756790773286
0.0162087063908576 0.612359942661719 0.364961482301998 0.429342394563263 0.0555555555555556 0.175297638349254
0.419265205310278 0.275003623908131 0.401213433361865 0.418948630821508 0.222222222222222 0.39568143748632
0.201142327878976 0.447635869711109 0.0843864860782436 0.539676194283429 0.222222222222222 0.154884505204491
0.703087372645875 0.253603775306957 0.439982881023111 0.512292624425345 0.5 0.5219949776925
0.230811979005864 0.239671861829777 0.0874074819998991 0.187287627423545 0.111111111111111 0.154073527872004
0.477307811052799 0.537734278949656 0.39096722219425 0.451329202478514 0.111111111111111 0.440088670166743
0.340213028712567 0.180041124646334 0.313529026735814 0.183082150709575 0.166666666666667 0.310192957318276
0.343037974683542 0.132887368935323 0.220381652484769 0.376374175494704 0.166666666666667 0.258896149311627
0.677369558505715 0.441778560422628 0.521172146417603 0.31245252848291 0.611111111111111 0.576680732060743
0.112380364309974 0.384080574241797 0.357157242837722 0.470317809314412 0.166666666666667 0.238481954693149
0.556344550787282 0.175638747362601 0.481521574945874 0.496302218668798 0.277777777777778 0.475888998566547
